/*--------------------------------*- C++ -*----------------------------------*\
| =========                 |                                                 |
| \\      /  F ield         | foam-extend: Open Source CFD                    |
|  \\    /   O peration     | Version:     5.0                                |
|   \\  /    A nd           | Web:         http://www.foam-extend.org         |
|    \\/     M anipulation  |                                                 |
\*---------------------------------------------------------------------------*/
FoamFile
{
    version     2.0;
    format      ascii;
    class       vectorField;
    location    "constant/polyMesh";
    object      points;
}
// * * * * * * * * * * * * * * * * * * * * * * * * * * * * * * * * * * * * * //


404
(
(0 0 0)
(0.001 0 0)
(0.002 0 0)
(0.003 0 0)
(0.004 0 0)
(0.005 0 0)
(0.006 0 0)
(0.007 0 0)
(0.008 0 0)
(0.009 0 0)
(0.01 0 0)
(0.011 0 0)
(0.012 0 0)
(0.013 0 0)
(0.014 0 0)
(0.015 0 0)
(0.016 0 0)
(0.017 0 0)
(0.018 0 0)
(0.019 0 0)
(0.02 0 0)
(0.021 0 0)
(0.022 0 0)
(0.023 0 0)
(0.024 0 0)
(0.025 0 0)
(0.026 0 0)
(0.027 0 0)
(0.028 0 0)
(0.029 0 0)
(0.03 0 0)
(0.031 0 0)
(0.032 0 0)
(0.033 0 0)
(0.034 0 0)
(0.035 0 0)
(0.036 0 0)
(0.037 0 0)
(0.038 0 0)
(0.039 0 0)
(0.04 0 0)
(0.041 0 0)
(0.042 0 0)
(0.043 0 0)
(0.044 0 0)
(0.045 0 0)
(0.046 0 0)
(0.047 0 0)
(0.048 0 0)
(0.049 0 0)
(0.05 0 0)
(0.051 0 0)
(0.052 0 0)
(0.053 0 0)
(0.054 0 0)
(0.055 0 0)
(0.056 0 0)
(0.057 0 0)
(0.058 0 0)
(0.059 0 0)
(0.06 0 0)
(0.061 0 0)
(0.062 0 0)
(0.063 0 0)
(0.064 0 0)
(0.065 0 0)
(0.066 0 0)
(0.067 0 0)
(0.068 0 0)
(0.069 0 0)
(0.07 0 0)
(0.071 0 0)
(0.072 0 0)
(0.073 0 0)
(0.074 0 0)
(0.075 0 0)
(0.076 0 0)
(0.077 0 0)
(0.078 0 0)
(0.079 0 0)
(0.08 0 0)
(0.081 0 0)
(0.082 0 0)
(0.083 0 0)
(0.084 0 0)
(0.085 0 0)
(0.086 0 0)
(0.087 0 0)
(0.088 0 0)
(0.089 0 0)
(0.09 0 0)
(0.091 0 0)
(0.092 0 0)
(0.093 0 0)
(0.094 0 0)
(0.095 0 0)
(0.096 0 0)
(0.097 0 0)
(0.098 0 0)
(0.099 0 0)
(0.1 0 0)
(0 0.035 0)
(0.001 0.035 0)
(0.002 0.035 0)
(0.003 0.035 0)
(0.004 0.035 0)
(0.005 0.035 0)
(0.006 0.035 0)
(0.007 0.035 0)
(0.008 0.035 0)
(0.009 0.035 0)
(0.01 0.035 0)
(0.011 0.035 0)
(0.012 0.035 0)
(0.013 0.035 0)
(0.014 0.035 0)
(0.015 0.035 0)
(0.016 0.035 0)
(0.017 0.035 0)
(0.018 0.035 0)
(0.019 0.035 0)
(0.02 0.035 0)
(0.021 0.035 0)
(0.022 0.035 0)
(0.023 0.035 0)
(0.024 0.035 0)
(0.025 0.035 0)
(0.026 0.035 0)
(0.027 0.035 0)
(0.028 0.035 0)
(0.029 0.035 0)
(0.03 0.035 0)
(0.031 0.035 0)
(0.032 0.035 0)
(0.033 0.035 0)
(0.034 0.035 0)
(0.035 0.035 0)
(0.036 0.035 0)
(0.037 0.035 0)
(0.038 0.035 0)
(0.039 0.035 0)
(0.04 0.035 0)
(0.041 0.035 0)
(0.042 0.035 0)
(0.043 0.035 0)
(0.044 0.035 0)
(0.045 0.035 0)
(0.046 0.035 0)
(0.047 0.035 0)
(0.048 0.035 0)
(0.049 0.035 0)
(0.05 0.035 0)
(0.051 0.035 0)
(0.052 0.035 0)
(0.053 0.035 0)
(0.054 0.035 0)
(0.055 0.035 0)
(0.056 0.035 0)
(0.057 0.035 0)
(0.058 0.035 0)
(0.059 0.035 0)
(0.06 0.035 0)
(0.061 0.035 0)
(0.062 0.035 0)
(0.063 0.035 0)
(0.064 0.035 0)
(0.065 0.035 0)
(0.066 0.035 0)
(0.067 0.035 0)
(0.068 0.035 0)
(0.069 0.035 0)
(0.07 0.035 0)
(0.071 0.035 0)
(0.072 0.035 0)
(0.073 0.035 0)
(0.074 0.035 0)
(0.075 0.035 0)
(0.076 0.035 0)
(0.077 0.035 0)
(0.078 0.035 0)
(0.079 0.035 0)
(0.08 0.035 0)
(0.081 0.035 0)
(0.082 0.035 0)
(0.083 0.035 0)
(0.084 0.035 0)
(0.085 0.035 0)
(0.086 0.035 0)
(0.087 0.035 0)
(0.088 0.035 0)
(0.089 0.035 0)
(0.09 0.035 0)
(0.091 0.035 0)
(0.092 0.035 0)
(0.093 0.035 0)
(0.094 0.035 0)
(0.095 0.035 0)
(0.096 0.035 0)
(0.097 0.035 0)
(0.098 0.035 0)
(0.099 0.035 0)
(0.1 0.035 0)
(0 0 0.035)
(0.001 0 0.035)
(0.002 0 0.035)
(0.003 0 0.035)
(0.004 0 0.035)
(0.005 0 0.035)
(0.006 0 0.035)
(0.007 0 0.035)
(0.008 0 0.035)
(0.009 0 0.035)
(0.01 0 0.035)
(0.011 0 0.035)
(0.012 0 0.035)
(0.013 0 0.035)
(0.014 0 0.035)
(0.015 0 0.035)
(0.016 0 0.035)
(0.017 0 0.035)
(0.018 0 0.035)
(0.019 0 0.035)
(0.02 0 0.035)
(0.021 0 0.035)
(0.022 0 0.035)
(0.023 0 0.035)
(0.024 0 0.035)
(0.025 0 0.035)
(0.026 0 0.035)
(0.027 0 0.035)
(0.028 0 0.035)
(0.029 0 0.035)
(0.03 0 0.035)
(0.031 0 0.035)
(0.032 0 0.035)
(0.033 0 0.035)
(0.034 0 0.035)
(0.035 0 0.035)
(0.036 0 0.035)
(0.037 0 0.035)
(0.038 0 0.035)
(0.039 0 0.035)
(0.04 0 0.035)
(0.041 0 0.035)
(0.042 0 0.035)
(0.043 0 0.035)
(0.044 0 0.035)
(0.045 0 0.035)
(0.046 0 0.035)
(0.047 0 0.035)
(0.048 0 0.035)
(0.049 0 0.035)
(0.05 0 0.035)
(0.051 0 0.035)
(0.052 0 0.035)
(0.053 0 0.035)
(0.054 0 0.035)
(0.055 0 0.035)
(0.056 0 0.035)
(0.057 0 0.035)
(0.058 0 0.035)
(0.059 0 0.035)
(0.06 0 0.035)
(0.061 0 0.035)
(0.062 0 0.035)
(0.063 0 0.035)
(0.064 0 0.035)
(0.065 0 0.035)
(0.066 0 0.035)
(0.067 0 0.035)
(0.068 0 0.035)
(0.069 0 0.035)
(0.07 0 0.035)
(0.071 0 0.035)
(0.072 0 0.035)
(0.073 0 0.035)
(0.074 0 0.035)
(0.075 0 0.035)
(0.076 0 0.035)
(0.077 0 0.035)
(0.078 0 0.035)
(0.079 0 0.035)
(0.08 0 0.035)
(0.081 0 0.035)
(0.082 0 0.035)
(0.083 0 0.035)
(0.084 0 0.035)
(0.085 0 0.035)
(0.086 0 0.035)
(0.087 0 0.035)
(0.088 0 0.035)
(0.089 0 0.035)
(0.09 0 0.035)
(0.091 0 0.035)
(0.092 0 0.035)
(0.093 0 0.035)
(0.094 0 0.035)
(0.095 0 0.035)
(0.096 0 0.035)
(0.097 0 0.035)
(0.098 0 0.035)
(0.099 0 0.035)
(0.1 0 0.035)
(0 0.035 0.035)
(0.001 0.035 0.035)
(0.002 0.035 0.035)
(0.003 0.035 0.035)
(0.004 0.035 0.035)
(0.005 0.035 0.035)
(0.006 0.035 0.035)
(0.007 0.035 0.035)
(0.008 0.035 0.035)
(0.009 0.035 0.035)
(0.01 0.035 0.035)
(0.011 0.035 0.035)
(0.012 0.035 0.035)
(0.013 0.035 0.035)
(0.014 0.035 0.035)
(0.015 0.035 0.035)
(0.016 0.035 0.035)
(0.017 0.035 0.035)
(0.018 0.035 0.035)
(0.019 0.035 0.035)
(0.02 0.035 0.035)
(0.021 0.035 0.035)
(0.022 0.035 0.035)
(0.023 0.035 0.035)
(0.024 0.035 0.035)
(0.025 0.035 0.035)
(0.026 0.035 0.035)
(0.027 0.035 0.035)
(0.028 0.035 0.035)
(0.029 0.035 0.035)
(0.03 0.035 0.035)
(0.031 0.035 0.035)
(0.032 0.035 0.035)
(0.033 0.035 0.035)
(0.034 0.035 0.035)
(0.035 0.035 0.035)
(0.036 0.035 0.035)
(0.037 0.035 0.035)
(0.038 0.035 0.035)
(0.039 0.035 0.035)
(0.04 0.035 0.035)
(0.041 0.035 0.035)
(0.042 0.035 0.035)
(0.043 0.035 0.035)
(0.044 0.035 0.035)
(0.045 0.035 0.035)
(0.046 0.035 0.035)
(0.047 0.035 0.035)
(0.048 0.035 0.035)
(0.049 0.035 0.035)
(0.05 0.035 0.035)
(0.051 0.035 0.035)
(0.052 0.035 0.035)
(0.053 0.035 0.035)
(0.054 0.035 0.035)
(0.055 0.035 0.035)
(0.056 0.035 0.035)
(0.057 0.035 0.035)
(0.058 0.035 0.035)
(0.059 0.035 0.035)
(0.06 0.035 0.035)
(0.061 0.035 0.035)
(0.062 0.035 0.035)
(0.063 0.035 0.035)
(0.064 0.035 0.035)
(0.065 0.035 0.035)
(0.066 0.035 0.035)
(0.067 0.035 0.035)
(0.068 0.035 0.035)
(0.069 0.035 0.035)
(0.07 0.035 0.035)
(0.071 0.035 0.035)
(0.072 0.035 0.035)
(0.073 0.035 0.035)
(0.074 0.035 0.035)
(0.075 0.035 0.035)
(0.076 0.035 0.035)
(0.077 0.035 0.035)
(0.078 0.035 0.035)
(0.079 0.035 0.035)
(0.08 0.035 0.035)
(0.081 0.035 0.035)
(0.082 0.035 0.035)
(0.083 0.035 0.035)
(0.084 0.035 0.035)
(0.085 0.035 0.035)
(0.086 0.035 0.035)
(0.087 0.035 0.035)
(0.088 0.035 0.035)
(0.089 0.035 0.035)
(0.09 0.035 0.035)
(0.091 0.035 0.035)
(0.092 0.035 0.035)
(0.093 0.035 0.035)
(0.094 0.035 0.035)
(0.095 0.035 0.035)
(0.096 0.035 0.035)
(0.097 0.035 0.035)
(0.098 0.035 0.035)
(0.099 0.035 0.035)
(0.1 0.035 0.035)
)


// ************************************************************************* //
