/*--------------------------------*- C++ -*----------------------------------*\
| =========                 |                                                 |
| \\      /  F ield         | foam-extend: Open Source CFD                    |
|  \\    /   O peration     | Version:     5.0                                |
|   \\  /    A nd           | Web:         http://www.foam-extend.org         |
|    \\/     M anipulation  |                                                 |
\*---------------------------------------------------------------------------*/
FoamFile
{
    version     2.0;
    format      ascii;
    class       faceList;
    location    "constant/polyMesh";
    object      faces;
}
// * * * * * * * * * * * * * * * * * * * * * * * * * * * * * * * * * * * * * //


4110
(
4(2 204 205 3)
4(202 203 205 204)
4(4 206 207 5)
4(204 205 207 206)
4(6 208 209 7)
4(206 207 209 208)
4(8 210 211 9)
4(208 209 211 210)
4(10 212 213 11)
4(210 211 213 212)
4(12 214 215 13)
4(212 213 215 214)
4(14 216 217 15)
4(214 215 217 216)
4(16 218 219 17)
4(216 217 219 218)
4(18 220 221 19)
4(218 219 221 220)
4(20 222 223 21)
4(220 221 223 222)
4(22 224 225 23)
4(222 223 225 224)
4(24 226 227 25)
4(224 225 227 226)
4(26 228 229 27)
4(226 227 229 228)
4(28 230 231 29)
4(228 229 231 230)
4(30 232 233 31)
4(230 231 233 232)
4(32 234 235 33)
4(232 233 235 234)
4(34 236 237 35)
4(234 235 237 236)
4(36 238 239 37)
4(236 237 239 238)
4(38 240 241 39)
4(238 239 241 240)
4(40 242 243 41)
4(240 241 243 242)
4(42 244 245 43)
4(242 243 245 244)
4(44 246 247 45)
4(244 245 247 246)
4(46 248 249 47)
4(246 247 249 248)
4(48 250 251 49)
4(248 249 251 250)
4(50 252 253 51)
4(250 251 253 252)
4(52 254 255 53)
4(252 253 255 254)
4(54 256 257 55)
4(254 255 257 256)
4(56 258 259 57)
4(256 257 259 258)
4(58 260 261 59)
4(258 259 261 260)
4(60 262 263 61)
4(260 261 263 262)
4(62 264 265 63)
4(262 263 265 264)
4(64 266 267 65)
4(264 265 267 266)
4(66 268 269 67)
4(266 267 269 268)
4(68 270 271 69)
4(268 269 271 270)
4(70 272 273 71)
4(270 271 273 272)
4(72 274 275 73)
4(272 273 275 274)
4(74 276 277 75)
4(274 275 277 276)
4(76 278 279 77)
4(276 277 279 278)
4(78 280 281 79)
4(278 279 281 280)
4(80 282 283 81)
4(280 281 283 282)
4(82 284 285 83)
4(282 283 285 284)
4(84 286 287 85)
4(284 285 287 286)
4(86 288 289 87)
4(286 287 289 288)
4(88 290 291 89)
4(288 289 291 290)
4(90 292 293 91)
4(290 291 293 292)
4(92 294 295 93)
4(292 293 295 294)
4(94 296 297 95)
4(294 295 297 296)
4(96 298 299 97)
4(296 297 299 298)
4(98 300 301 99)
4(298 299 301 300)
4(100 302 303 101)
4(300 301 303 302)
4(102 304 305 103)
4(302 303 305 304)
4(104 306 307 105)
4(304 305 307 306)
4(106 308 309 107)
4(306 307 309 308)
4(108 310 311 109)
4(308 309 311 310)
4(110 312 313 111)
4(310 311 313 312)
4(112 314 315 113)
4(312 313 315 314)
4(114 316 317 115)
4(314 315 317 316)
4(116 318 319 117)
4(316 317 319 318)
4(118 320 321 119)
4(318 319 321 320)
4(120 322 323 121)
4(320 321 323 322)
4(122 324 325 123)
4(322 323 325 324)
4(124 326 327 125)
4(324 325 327 326)
4(126 328 329 127)
4(326 327 329 328)
4(128 330 331 129)
4(328 329 331 330)
4(130 332 333 131)
4(330 331 333 332)
4(132 334 335 133)
4(332 333 335 334)
4(134 336 337 135)
4(334 335 337 336)
4(136 338 339 137)
4(336 337 339 338)
4(138 340 341 139)
4(338 339 341 340)
4(140 342 343 141)
4(340 341 343 342)
4(142 344 345 143)
4(342 343 345 344)
4(144 346 347 145)
4(344 345 347 346)
4(146 348 349 147)
4(346 347 349 348)
4(148 350 351 149)
4(348 349 351 350)
4(150 352 353 151)
4(350 351 353 352)
4(152 354 355 153)
4(352 353 355 354)
4(154 356 357 155)
4(354 355 357 356)
4(156 358 359 157)
4(356 357 359 358)
4(158 360 361 159)
4(358 359 361 360)
4(160 362 363 161)
4(360 361 363 362)
4(162 364 365 163)
4(362 363 365 364)
4(164 366 367 165)
4(364 365 367 366)
4(166 368 369 167)
4(366 367 369 368)
4(168 370 371 169)
4(368 369 371 370)
4(170 372 373 171)
4(370 371 373 372)
4(172 374 375 173)
4(372 373 375 374)
4(174 376 377 175)
4(374 375 377 376)
4(176 378 379 177)
4(376 377 379 378)
4(178 380 381 179)
4(378 379 381 380)
4(180 382 383 181)
4(380 381 383 382)
4(182 384 385 183)
4(382 383 385 384)
4(184 386 387 185)
4(384 385 387 386)
4(186 388 389 187)
4(386 387 389 388)
4(188 390 391 189)
4(388 389 391 390)
4(190 392 393 191)
4(390 391 393 392)
4(192 394 395 193)
4(392 393 395 394)
4(194 396 397 195)
4(394 395 397 396)
4(196 398 399 197)
4(396 397 399 398)
4(198 400 401 199)
4(398 399 401 400)
4(400 401 403 402)
4(204 406 407 205)
4(404 405 407 406)
4(206 408 409 207)
4(406 407 409 408)
4(208 410 411 209)
4(408 409 411 410)
4(210 412 413 211)
4(410 411 413 412)
4(212 414 415 213)
4(412 413 415 414)
4(214 416 417 215)
4(414 415 417 416)
4(216 418 419 217)
4(416 417 419 418)
4(218 420 421 219)
4(418 419 421 420)
4(220 422 423 221)
4(420 421 423 422)
4(222 424 425 223)
4(422 423 425 424)
4(224 426 427 225)
4(424 425 427 426)
4(226 428 429 227)
4(426 427 429 428)
4(228 430 431 229)
4(428 429 431 430)
4(230 432 433 231)
4(430 431 433 432)
4(232 434 435 233)
4(432 433 435 434)
4(234 436 437 235)
4(434 435 437 436)
4(236 438 439 237)
4(436 437 439 438)
4(238 440 441 239)
4(438 439 441 440)
4(240 442 443 241)
4(440 441 443 442)
4(242 444 445 243)
4(442 443 445 444)
4(244 446 447 245)
4(444 445 447 446)
4(246 448 449 247)
4(446 447 449 448)
4(248 450 451 249)
4(448 449 451 450)
4(250 452 453 251)
4(450 451 453 452)
4(252 454 455 253)
4(452 453 455 454)
4(254 456 457 255)
4(454 455 457 456)
4(256 458 459 257)
4(456 457 459 458)
4(258 460 461 259)
4(458 459 461 460)
4(260 462 463 261)
4(460 461 463 462)
4(262 464 465 263)
4(462 463 465 464)
4(264 466 467 265)
4(464 465 467 466)
4(266 468 469 267)
4(466 467 469 468)
4(268 470 471 269)
4(468 469 471 470)
4(270 472 473 271)
4(470 471 473 472)
4(272 474 475 273)
4(472 473 475 474)
4(274 476 477 275)
4(474 475 477 476)
4(276 478 479 277)
4(476 477 479 478)
4(278 480 481 279)
4(478 479 481 480)
4(280 482 483 281)
4(480 481 483 482)
4(282 484 485 283)
4(482 483 485 484)
4(284 486 487 285)
4(484 485 487 486)
4(286 488 489 287)
4(486 487 489 488)
4(288 490 491 289)
4(488 489 491 490)
4(290 492 493 291)
4(490 491 493 492)
4(292 494 495 293)
4(492 493 495 494)
4(294 496 497 295)
4(494 495 497 496)
4(296 498 499 297)
4(496 497 499 498)
4(298 500 501 299)
4(498 499 501 500)
4(300 502 503 301)
4(500 501 503 502)
4(302 504 505 303)
4(502 503 505 504)
4(304 506 507 305)
4(504 505 507 506)
4(306 508 509 307)
4(506 507 509 508)
4(308 510 511 309)
4(508 509 511 510)
4(310 512 513 311)
4(510 511 513 512)
4(312 514 515 313)
4(512 513 515 514)
4(314 516 517 315)
4(514 515 517 516)
4(316 518 519 317)
4(516 517 519 518)
4(318 520 521 319)
4(518 519 521 520)
4(320 522 523 321)
4(520 521 523 522)
4(322 524 525 323)
4(522 523 525 524)
4(324 526 527 325)
4(524 525 527 526)
4(326 528 529 327)
4(526 527 529 528)
4(328 530 531 329)
4(528 529 531 530)
4(330 532 533 331)
4(530 531 533 532)
4(332 534 535 333)
4(532 533 535 534)
4(334 536 537 335)
4(534 535 537 536)
4(336 538 539 337)
4(536 537 539 538)
4(338 540 541 339)
4(538 539 541 540)
4(340 542 543 341)
4(540 541 543 542)
4(342 544 545 343)
4(542 543 545 544)
4(344 546 547 345)
4(544 545 547 546)
4(346 548 549 347)
4(546 547 549 548)
4(348 550 551 349)
4(548 549 551 550)
4(350 552 553 351)
4(550 551 553 552)
4(352 554 555 353)
4(552 553 555 554)
4(354 556 557 355)
4(554 555 557 556)
4(356 558 559 357)
4(556 557 559 558)
4(358 560 561 359)
4(558 559 561 560)
4(360 562 563 361)
4(560 561 563 562)
4(362 564 565 363)
4(562 563 565 564)
4(364 566 567 365)
4(564 565 567 566)
4(366 568 569 367)
4(566 567 569 568)
4(368 570 571 369)
4(568 569 571 570)
4(370 572 573 371)
4(570 571 573 572)
4(372 574 575 373)
4(572 573 575 574)
4(374 576 577 375)
4(574 575 577 576)
4(376 578 579 377)
4(576 577 579 578)
4(378 580 581 379)
4(578 579 581 580)
4(380 582 583 381)
4(580 581 583 582)
4(382 584 585 383)
4(582 583 585 584)
4(384 586 587 385)
4(584 585 587 586)
4(386 588 589 387)
4(586 587 589 588)
4(388 590 591 389)
4(588 589 591 590)
4(390 592 593 391)
4(590 591 593 592)
4(392 594 595 393)
4(592 593 595 594)
4(394 596 597 395)
4(594 595 597 596)
4(396 598 599 397)
4(596 597 599 598)
4(398 600 601 399)
4(598 599 601 600)
4(400 602 603 401)
4(600 601 603 602)
4(602 603 605 604)
4(406 608 609 407)
4(606 607 609 608)
4(408 610 611 409)
4(608 609 611 610)
4(410 612 613 411)
4(610 611 613 612)
4(412 614 615 413)
4(612 613 615 614)
4(414 616 617 415)
4(614 615 617 616)
4(416 618 619 417)
4(616 617 619 618)
4(418 620 621 419)
4(618 619 621 620)
4(420 622 623 421)
4(620 621 623 622)
4(422 624 625 423)
4(622 623 625 624)
4(424 626 627 425)
4(624 625 627 626)
4(426 628 629 427)
4(626 627 629 628)
4(428 630 631 429)
4(628 629 631 630)
4(430 632 633 431)
4(630 631 633 632)
4(432 634 635 433)
4(632 633 635 634)
4(434 636 637 435)
4(634 635 637 636)
4(436 638 639 437)
4(636 637 639 638)
4(438 640 641 439)
4(638 639 641 640)
4(440 642 643 441)
4(640 641 643 642)
4(442 644 645 443)
4(642 643 645 644)
4(444 646 647 445)
4(644 645 647 646)
4(446 648 649 447)
4(646 647 649 648)
4(448 650 651 449)
4(648 649 651 650)
4(450 652 653 451)
4(650 651 653 652)
4(452 654 655 453)
4(652 653 655 654)
4(454 656 657 455)
4(654 655 657 656)
4(456 658 659 457)
4(656 657 659 658)
4(458 660 661 459)
4(658 659 661 660)
4(460 662 663 461)
4(660 661 663 662)
4(462 664 665 463)
4(662 663 665 664)
4(464 666 667 465)
4(664 665 667 666)
4(466 668 669 467)
4(666 667 669 668)
4(468 670 671 469)
4(668 669 671 670)
4(470 672 673 471)
4(670 671 673 672)
4(472 674 675 473)
4(672 673 675 674)
4(474 676 677 475)
4(674 675 677 676)
4(476 678 679 477)
4(676 677 679 678)
4(478 680 681 479)
4(678 679 681 680)
4(480 682 683 481)
4(680 681 683 682)
4(482 684 685 483)
4(682 683 685 684)
4(484 686 687 485)
4(684 685 687 686)
4(486 688 689 487)
4(686 687 689 688)
4(488 690 691 489)
4(688 689 691 690)
4(490 692 693 491)
4(690 691 693 692)
4(492 694 695 493)
4(692 693 695 694)
4(494 696 697 495)
4(694 695 697 696)
4(496 698 699 497)
4(696 697 699 698)
4(498 700 701 499)
4(698 699 701 700)
4(500 702 703 501)
4(700 701 703 702)
4(502 704 705 503)
4(702 703 705 704)
4(504 706 707 505)
4(704 705 707 706)
4(506 708 709 507)
4(706 707 709 708)
4(508 710 711 509)
4(708 709 711 710)
4(510 712 713 511)
4(710 711 713 712)
4(512 714 715 513)
4(712 713 715 714)
4(514 716 717 515)
4(714 715 717 716)
4(516 718 719 517)
4(716 717 719 718)
4(518 720 721 519)
4(718 719 721 720)
4(520 722 723 521)
4(720 721 723 722)
4(522 724 725 523)
4(722 723 725 724)
4(524 726 727 525)
4(724 725 727 726)
4(526 728 729 527)
4(726 727 729 728)
4(528 730 731 529)
4(728 729 731 730)
4(530 732 733 531)
4(730 731 733 732)
4(532 734 735 533)
4(732 733 735 734)
4(534 736 737 535)
4(734 735 737 736)
4(536 738 739 537)
4(736 737 739 738)
4(538 740 741 539)
4(738 739 741 740)
4(540 742 743 541)
4(740 741 743 742)
4(542 744 745 543)
4(742 743 745 744)
4(544 746 747 545)
4(744 745 747 746)
4(546 748 749 547)
4(746 747 749 748)
4(548 750 751 549)
4(748 749 751 750)
4(550 752 753 551)
4(750 751 753 752)
4(552 754 755 553)
4(752 753 755 754)
4(554 756 757 555)
4(754 755 757 756)
4(556 758 759 557)
4(756 757 759 758)
4(558 760 761 559)
4(758 759 761 760)
4(560 762 763 561)
4(760 761 763 762)
4(562 764 765 563)
4(762 763 765 764)
4(564 766 767 565)
4(764 765 767 766)
4(566 768 769 567)
4(766 767 769 768)
4(568 770 771 569)
4(768 769 771 770)
4(570 772 773 571)
4(770 771 773 772)
4(572 774 775 573)
4(772 773 775 774)
4(574 776 777 575)
4(774 775 777 776)
4(576 778 779 577)
4(776 777 779 778)
4(578 780 781 579)
4(778 779 781 780)
4(580 782 783 581)
4(780 781 783 782)
4(582 784 785 583)
4(782 783 785 784)
4(584 786 787 585)
4(784 785 787 786)
4(586 788 789 587)
4(786 787 789 788)
4(588 790 791 589)
4(788 789 791 790)
4(590 792 793 591)
4(790 791 793 792)
4(592 794 795 593)
4(792 793 795 794)
4(594 796 797 595)
4(794 795 797 796)
4(596 798 799 597)
4(796 797 799 798)
4(598 800 801 599)
4(798 799 801 800)
4(600 802 803 601)
4(800 801 803 802)
4(602 804 805 603)
4(802 803 805 804)
4(804 805 807 806)
4(608 810 811 609)
4(808 809 811 810)
4(610 812 813 611)
4(810 811 813 812)
4(612 814 815 613)
4(812 813 815 814)
4(614 816 817 615)
4(814 815 817 816)
4(616 818 819 617)
4(816 817 819 818)
4(618 820 821 619)
4(818 819 821 820)
4(620 822 823 621)
4(820 821 823 822)
4(622 824 825 623)
4(822 823 825 824)
4(624 826 827 625)
4(824 825 827 826)
4(626 828 829 627)
4(826 827 829 828)
4(628 830 831 629)
4(828 829 831 830)
4(630 832 833 631)
4(830 831 833 832)
4(632 834 835 633)
4(832 833 835 834)
4(634 836 837 635)
4(834 835 837 836)
4(636 838 839 637)
4(836 837 839 838)
4(638 840 841 639)
4(838 839 841 840)
4(640 842 843 641)
4(840 841 843 842)
4(642 844 845 643)
4(842 843 845 844)
4(644 846 847 645)
4(844 845 847 846)
4(646 848 849 647)
4(846 847 849 848)
4(648 850 851 649)
4(848 849 851 850)
4(650 852 853 651)
4(850 851 853 852)
4(652 854 855 653)
4(852 853 855 854)
4(654 856 857 655)
4(854 855 857 856)
4(656 858 859 657)
4(856 857 859 858)
4(658 860 861 659)
4(858 859 861 860)
4(660 862 863 661)
4(860 861 863 862)
4(662 864 865 663)
4(862 863 865 864)
4(664 866 867 665)
4(864 865 867 866)
4(666 868 869 667)
4(866 867 869 868)
4(668 870 871 669)
4(868 869 871 870)
4(670 872 873 671)
4(870 871 873 872)
4(672 874 875 673)
4(872 873 875 874)
4(674 876 877 675)
4(874 875 877 876)
4(676 878 879 677)
4(876 877 879 878)
4(678 880 881 679)
4(878 879 881 880)
4(680 882 883 681)
4(880 881 883 882)
4(682 884 885 683)
4(882 883 885 884)
4(684 886 887 685)
4(884 885 887 886)
4(686 888 889 687)
4(886 887 889 888)
4(688 890 891 689)
4(888 889 891 890)
4(690 892 893 691)
4(890 891 893 892)
4(692 894 895 693)
4(892 893 895 894)
4(694 896 897 695)
4(894 895 897 896)
4(696 898 899 697)
4(896 897 899 898)
4(698 900 901 699)
4(898 899 901 900)
4(700 902 903 701)
4(900 901 903 902)
4(702 904 905 703)
4(902 903 905 904)
4(704 906 907 705)
4(904 905 907 906)
4(706 908 909 707)
4(906 907 909 908)
4(708 910 911 709)
4(908 909 911 910)
4(710 912 913 711)
4(910 911 913 912)
4(712 914 915 713)
4(912 913 915 914)
4(714 916 917 715)
4(914 915 917 916)
4(716 918 919 717)
4(916 917 919 918)
4(718 920 921 719)
4(918 919 921 920)
4(720 922 923 721)
4(920 921 923 922)
4(722 924 925 723)
4(922 923 925 924)
4(724 926 927 725)
4(924 925 927 926)
4(726 928 929 727)
4(926 927 929 928)
4(728 930 931 729)
4(928 929 931 930)
4(730 932 933 731)
4(930 931 933 932)
4(732 934 935 733)
4(932 933 935 934)
4(734 936 937 735)
4(934 935 937 936)
4(736 938 939 737)
4(936 937 939 938)
4(738 940 941 739)
4(938 939 941 940)
4(740 942 943 741)
4(940 941 943 942)
4(742 944 945 743)
4(942 943 945 944)
4(744 946 947 745)
4(944 945 947 946)
4(746 948 949 747)
4(946 947 949 948)
4(748 950 951 749)
4(948 949 951 950)
4(750 952 953 751)
4(950 951 953 952)
4(752 954 955 753)
4(952 953 955 954)
4(754 956 957 755)
4(954 955 957 956)
4(756 958 959 757)
4(956 957 959 958)
4(758 960 961 759)
4(958 959 961 960)
4(760 962 963 761)
4(960 961 963 962)
4(762 964 965 763)
4(962 963 965 964)
4(764 966 967 765)
4(964 965 967 966)
4(766 968 969 767)
4(966 967 969 968)
4(768 970 971 769)
4(968 969 971 970)
4(770 972 973 771)
4(970 971 973 972)
4(772 974 975 773)
4(972 973 975 974)
4(774 976 977 775)
4(974 975 977 976)
4(776 978 979 777)
4(976 977 979 978)
4(778 980 981 779)
4(978 979 981 980)
4(780 982 983 781)
4(980 981 983 982)
4(782 984 985 783)
4(982 983 985 984)
4(784 986 987 785)
4(984 985 987 986)
4(786 988 989 787)
4(986 987 989 988)
4(788 990 991 789)
4(988 989 991 990)
4(790 992 993 791)
4(990 991 993 992)
4(792 994 995 793)
4(992 993 995 994)
4(794 996 997 795)
4(994 995 997 996)
4(796 998 999 797)
4(996 997 999 998)
4(798 1000 1001 799)
4(998 999 1001 1000)
4(800 1002 1003 801)
4(1000 1001 1003 1002)
4(802 1004 1005 803)
4(1002 1003 1005 1004)
4(804 1006 1007 805)
4(1004 1005 1007 1006)
4(1006 1007 1009 1008)
4(810 1012 1013 811)
4(1010 1011 1013 1012)
4(812 1014 1015 813)
4(1012 1013 1015 1014)
4(814 1016 1017 815)
4(1014 1015 1017 1016)
4(816 1018 1019 817)
4(1016 1017 1019 1018)
4(818 1020 1021 819)
4(1018 1019 1021 1020)
4(820 1022 1023 821)
4(1020 1021 1023 1022)
4(822 1024 1025 823)
4(1022 1023 1025 1024)
4(824 1026 1027 825)
4(1024 1025 1027 1026)
4(826 1028 1029 827)
4(1026 1027 1029 1028)
4(828 1030 1031 829)
4(1028 1029 1031 1030)
4(830 1032 1033 831)
4(1030 1031 1033 1032)
4(832 1034 1035 833)
4(1032 1033 1035 1034)
4(834 1036 1037 835)
4(1034 1035 1037 1036)
4(836 1038 1039 837)
4(1036 1037 1039 1038)
4(838 1040 1041 839)
4(1038 1039 1041 1040)
4(840 1042 1043 841)
4(1040 1041 1043 1042)
4(842 1044 1045 843)
4(1042 1043 1045 1044)
4(844 1046 1047 845)
4(1044 1045 1047 1046)
4(846 1048 1049 847)
4(1046 1047 1049 1048)
4(848 1050 1051 849)
4(1048 1049 1051 1050)
4(850 1052 1053 851)
4(1050 1051 1053 1052)
4(852 1054 1055 853)
4(1052 1053 1055 1054)
4(854 1056 1057 855)
4(1054 1055 1057 1056)
4(856 1058 1059 857)
4(1056 1057 1059 1058)
4(858 1060 1061 859)
4(1058 1059 1061 1060)
4(860 1062 1063 861)
4(1060 1061 1063 1062)
4(862 1064 1065 863)
4(1062 1063 1065 1064)
4(864 1066 1067 865)
4(1064 1065 1067 1066)
4(866 1068 1069 867)
4(1066 1067 1069 1068)
4(868 1070 1071 869)
4(1068 1069 1071 1070)
4(870 1072 1073 871)
4(1070 1071 1073 1072)
4(872 1074 1075 873)
4(1072 1073 1075 1074)
4(874 1076 1077 875)
4(1074 1075 1077 1076)
4(876 1078 1079 877)
4(1076 1077 1079 1078)
4(878 1080 1081 879)
4(1078 1079 1081 1080)
4(880 1082 1083 881)
4(1080 1081 1083 1082)
4(882 1084 1085 883)
4(1082 1083 1085 1084)
4(884 1086 1087 885)
4(1084 1085 1087 1086)
4(886 1088 1089 887)
4(1086 1087 1089 1088)
4(888 1090 1091 889)
4(1088 1089 1091 1090)
4(890 1092 1093 891)
4(1090 1091 1093 1092)
4(892 1094 1095 893)
4(1092 1093 1095 1094)
4(894 1096 1097 895)
4(1094 1095 1097 1096)
4(896 1098 1099 897)
4(1096 1097 1099 1098)
4(898 1100 1101 899)
4(1098 1099 1101 1100)
4(900 1102 1103 901)
4(1100 1101 1103 1102)
4(902 1104 1105 903)
4(1102 1103 1105 1104)
4(904 1106 1107 905)
4(1104 1105 1107 1106)
4(906 1108 1109 907)
4(1106 1107 1109 1108)
4(908 1110 1111 909)
4(1108 1109 1111 1110)
4(910 1112 1113 911)
4(1110 1111 1113 1112)
4(912 1114 1115 913)
4(1112 1113 1115 1114)
4(914 1116 1117 915)
4(1114 1115 1117 1116)
4(916 1118 1119 917)
4(1116 1117 1119 1118)
4(918 1120 1121 919)
4(1118 1119 1121 1120)
4(920 1122 1123 921)
4(1120 1121 1123 1122)
4(922 1124 1125 923)
4(1122 1123 1125 1124)
4(924 1126 1127 925)
4(1124 1125 1127 1126)
4(926 1128 1129 927)
4(1126 1127 1129 1128)
4(928 1130 1131 929)
4(1128 1129 1131 1130)
4(930 1132 1133 931)
4(1130 1131 1133 1132)
4(932 1134 1135 933)
4(1132 1133 1135 1134)
4(934 1136 1137 935)
4(1134 1135 1137 1136)
4(936 1138 1139 937)
4(1136 1137 1139 1138)
4(938 1140 1141 939)
4(1138 1139 1141 1140)
4(940 1142 1143 941)
4(1140 1141 1143 1142)
4(942 1144 1145 943)
4(1142 1143 1145 1144)
4(944 1146 1147 945)
4(1144 1145 1147 1146)
4(946 1148 1149 947)
4(1146 1147 1149 1148)
4(948 1150 1151 949)
4(1148 1149 1151 1150)
4(950 1152 1153 951)
4(1150 1151 1153 1152)
4(952 1154 1155 953)
4(1152 1153 1155 1154)
4(954 1156 1157 955)
4(1154 1155 1157 1156)
4(956 1158 1159 957)
4(1156 1157 1159 1158)
4(958 1160 1161 959)
4(1158 1159 1161 1160)
4(960 1162 1163 961)
4(1160 1161 1163 1162)
4(962 1164 1165 963)
4(1162 1163 1165 1164)
4(964 1166 1167 965)
4(1164 1165 1167 1166)
4(966 1168 1169 967)
4(1166 1167 1169 1168)
4(968 1170 1171 969)
4(1168 1169 1171 1170)
4(970 1172 1173 971)
4(1170 1171 1173 1172)
4(972 1174 1175 973)
4(1172 1173 1175 1174)
4(974 1176 1177 975)
4(1174 1175 1177 1176)
4(976 1178 1179 977)
4(1176 1177 1179 1178)
4(978 1180 1181 979)
4(1178 1179 1181 1180)
4(980 1182 1183 981)
4(1180 1181 1183 1182)
4(982 1184 1185 983)
4(1182 1183 1185 1184)
4(984 1186 1187 985)
4(1184 1185 1187 1186)
4(986 1188 1189 987)
4(1186 1187 1189 1188)
4(988 1190 1191 989)
4(1188 1189 1191 1190)
4(990 1192 1193 991)
4(1190 1191 1193 1192)
4(992 1194 1195 993)
4(1192 1193 1195 1194)
4(994 1196 1197 995)
4(1194 1195 1197 1196)
4(996 1198 1199 997)
4(1196 1197 1199 1198)
4(998 1200 1201 999)
4(1198 1199 1201 1200)
4(1000 1202 1203 1001)
4(1200 1201 1203 1202)
4(1002 1204 1205 1003)
4(1202 1203 1205 1204)
4(1004 1206 1207 1005)
4(1204 1205 1207 1206)
4(1006 1208 1209 1007)
4(1206 1207 1209 1208)
4(1208 1209 1211 1210)
4(1012 1214 1215 1013)
4(1212 1213 1215 1214)
4(1014 1216 1217 1015)
4(1214 1215 1217 1216)
4(1016 1218 1219 1017)
4(1216 1217 1219 1218)
4(1018 1220 1221 1019)
4(1218 1219 1221 1220)
4(1020 1222 1223 1021)
4(1220 1221 1223 1222)
4(1022 1224 1225 1023)
4(1222 1223 1225 1224)
4(1024 1226 1227 1025)
4(1224 1225 1227 1226)
4(1026 1228 1229 1027)
4(1226 1227 1229 1228)
4(1028 1230 1231 1029)
4(1228 1229 1231 1230)
4(1030 1232 1233 1031)
4(1230 1231 1233 1232)
4(1032 1234 1235 1033)
4(1232 1233 1235 1234)
4(1034 1236 1237 1035)
4(1234 1235 1237 1236)
4(1036 1238 1239 1037)
4(1236 1237 1239 1238)
4(1038 1240 1241 1039)
4(1238 1239 1241 1240)
4(1040 1242 1243 1041)
4(1240 1241 1243 1242)
4(1042 1244 1245 1043)
4(1242 1243 1245 1244)
4(1044 1246 1247 1045)
4(1244 1245 1247 1246)
4(1046 1248 1249 1047)
4(1246 1247 1249 1248)
4(1048 1250 1251 1049)
4(1248 1249 1251 1250)
4(1050 1252 1253 1051)
4(1250 1251 1253 1252)
4(1052 1254 1255 1053)
4(1252 1253 1255 1254)
4(1054 1256 1257 1055)
4(1254 1255 1257 1256)
4(1056 1258 1259 1057)
4(1256 1257 1259 1258)
4(1058 1260 1261 1059)
4(1258 1259 1261 1260)
4(1060 1262 1263 1061)
4(1260 1261 1263 1262)
4(1062 1264 1265 1063)
4(1262 1263 1265 1264)
4(1064 1266 1267 1065)
4(1264 1265 1267 1266)
4(1066 1268 1269 1067)
4(1266 1267 1269 1268)
4(1068 1270 1271 1069)
4(1268 1269 1271 1270)
4(1070 1272 1273 1071)
4(1270 1271 1273 1272)
4(1072 1274 1275 1073)
4(1272 1273 1275 1274)
4(1074 1276 1277 1075)
4(1274 1275 1277 1276)
4(1076 1278 1279 1077)
4(1276 1277 1279 1278)
4(1078 1280 1281 1079)
4(1278 1279 1281 1280)
4(1080 1282 1283 1081)
4(1280 1281 1283 1282)
4(1082 1284 1285 1083)
4(1282 1283 1285 1284)
4(1084 1286 1287 1085)
4(1284 1285 1287 1286)
4(1086 1288 1289 1087)
4(1286 1287 1289 1288)
4(1088 1290 1291 1089)
4(1288 1289 1291 1290)
4(1090 1292 1293 1091)
4(1290 1291 1293 1292)
4(1092 1294 1295 1093)
4(1292 1293 1295 1294)
4(1094 1296 1297 1095)
4(1294 1295 1297 1296)
4(1096 1298 1299 1097)
4(1296 1297 1299 1298)
4(1098 1300 1301 1099)
4(1298 1299 1301 1300)
4(1100 1302 1303 1101)
4(1300 1301 1303 1302)
4(1102 1304 1305 1103)
4(1302 1303 1305 1304)
4(1104 1306 1307 1105)
4(1304 1305 1307 1306)
4(1106 1308 1309 1107)
4(1306 1307 1309 1308)
4(1108 1310 1311 1109)
4(1308 1309 1311 1310)
4(1110 1312 1313 1111)
4(1310 1311 1313 1312)
4(1112 1314 1315 1113)
4(1312 1313 1315 1314)
4(1114 1316 1317 1115)
4(1314 1315 1317 1316)
4(1116 1318 1319 1117)
4(1316 1317 1319 1318)
4(1118 1320 1321 1119)
4(1318 1319 1321 1320)
4(1120 1322 1323 1121)
4(1320 1321 1323 1322)
4(1122 1324 1325 1123)
4(1322 1323 1325 1324)
4(1124 1326 1327 1125)
4(1324 1325 1327 1326)
4(1126 1328 1329 1127)
4(1326 1327 1329 1328)
4(1128 1330 1331 1129)
4(1328 1329 1331 1330)
4(1130 1332 1333 1131)
4(1330 1331 1333 1332)
4(1132 1334 1335 1133)
4(1332 1333 1335 1334)
4(1134 1336 1337 1135)
4(1334 1335 1337 1336)
4(1136 1338 1339 1137)
4(1336 1337 1339 1338)
4(1138 1340 1341 1139)
4(1338 1339 1341 1340)
4(1140 1342 1343 1141)
4(1340 1341 1343 1342)
4(1142 1344 1345 1143)
4(1342 1343 1345 1344)
4(1144 1346 1347 1145)
4(1344 1345 1347 1346)
4(1146 1348 1349 1147)
4(1346 1347 1349 1348)
4(1148 1350 1351 1149)
4(1348 1349 1351 1350)
4(1150 1352 1353 1151)
4(1350 1351 1353 1352)
4(1152 1354 1355 1153)
4(1352 1353 1355 1354)
4(1154 1356 1357 1155)
4(1354 1355 1357 1356)
4(1156 1358 1359 1157)
4(1356 1357 1359 1358)
4(1158 1360 1361 1159)
4(1358 1359 1361 1360)
4(1160 1362 1363 1161)
4(1360 1361 1363 1362)
4(1162 1364 1365 1163)
4(1362 1363 1365 1364)
4(1164 1366 1367 1165)
4(1364 1365 1367 1366)
4(1166 1368 1369 1167)
4(1366 1367 1369 1368)
4(1168 1370 1371 1169)
4(1368 1369 1371 1370)
4(1170 1372 1373 1171)
4(1370 1371 1373 1372)
4(1172 1374 1375 1173)
4(1372 1373 1375 1374)
4(1174 1376 1377 1175)
4(1374 1375 1377 1376)
4(1176 1378 1379 1177)
4(1376 1377 1379 1378)
4(1178 1380 1381 1179)
4(1378 1379 1381 1380)
4(1180 1382 1383 1181)
4(1380 1381 1383 1382)
4(1182 1384 1385 1183)
4(1382 1383 1385 1384)
4(1184 1386 1387 1185)
4(1384 1385 1387 1386)
4(1186 1388 1389 1187)
4(1386 1387 1389 1388)
4(1188 1390 1391 1189)
4(1388 1389 1391 1390)
4(1190 1392 1393 1191)
4(1390 1391 1393 1392)
4(1192 1394 1395 1193)
4(1392 1393 1395 1394)
4(1194 1396 1397 1195)
4(1394 1395 1397 1396)
4(1196 1398 1399 1197)
4(1396 1397 1399 1398)
4(1198 1400 1401 1199)
4(1398 1399 1401 1400)
4(1200 1402 1403 1201)
4(1400 1401 1403 1402)
4(1202 1404 1405 1203)
4(1402 1403 1405 1404)
4(1204 1406 1407 1205)
4(1404 1405 1407 1406)
4(1206 1408 1409 1207)
4(1406 1407 1409 1408)
4(1208 1410 1411 1209)
4(1408 1409 1411 1410)
4(1410 1411 1413 1412)
4(1214 1416 1417 1215)
4(1414 1415 1417 1416)
4(1216 1418 1419 1217)
4(1416 1417 1419 1418)
4(1218 1420 1421 1219)
4(1418 1419 1421 1420)
4(1220 1422 1423 1221)
4(1420 1421 1423 1422)
4(1222 1424 1425 1223)
4(1422 1423 1425 1424)
4(1224 1426 1427 1225)
4(1424 1425 1427 1426)
4(1226 1428 1429 1227)
4(1426 1427 1429 1428)
4(1228 1430 1431 1229)
4(1428 1429 1431 1430)
4(1230 1432 1433 1231)
4(1430 1431 1433 1432)
4(1232 1434 1435 1233)
4(1432 1433 1435 1434)
4(1234 1436 1437 1235)
4(1434 1435 1437 1436)
4(1236 1438 1439 1237)
4(1436 1437 1439 1438)
4(1238 1440 1441 1239)
4(1438 1439 1441 1440)
4(1240 1442 1443 1241)
4(1440 1441 1443 1442)
4(1242 1444 1445 1243)
4(1442 1443 1445 1444)
4(1244 1446 1447 1245)
4(1444 1445 1447 1446)
4(1246 1448 1449 1247)
4(1446 1447 1449 1448)
4(1248 1450 1451 1249)
4(1448 1449 1451 1450)
4(1250 1452 1453 1251)
4(1450 1451 1453 1452)
4(1252 1454 1455 1253)
4(1452 1453 1455 1454)
4(1254 1456 1457 1255)
4(1454 1455 1457 1456)
4(1256 1458 1459 1257)
4(1456 1457 1459 1458)
4(1258 1460 1461 1259)
4(1458 1459 1461 1460)
4(1260 1462 1463 1261)
4(1460 1461 1463 1462)
4(1262 1464 1465 1263)
4(1462 1463 1465 1464)
4(1264 1466 1467 1265)
4(1464 1465 1467 1466)
4(1266 1468 1469 1267)
4(1466 1467 1469 1468)
4(1268 1470 1471 1269)
4(1468 1469 1471 1470)
4(1270 1472 1473 1271)
4(1470 1471 1473 1472)
4(1272 1474 1475 1273)
4(1472 1473 1475 1474)
4(1274 1476 1477 1275)
4(1474 1475 1477 1476)
4(1276 1478 1479 1277)
4(1476 1477 1479 1478)
4(1278 1480 1481 1279)
4(1478 1479 1481 1480)
4(1280 1482 1483 1281)
4(1480 1481 1483 1482)
4(1282 1484 1485 1283)
4(1482 1483 1485 1484)
4(1284 1486 1487 1285)
4(1484 1485 1487 1486)
4(1286 1488 1489 1287)
4(1486 1487 1489 1488)
4(1288 1490 1491 1289)
4(1488 1489 1491 1490)
4(1290 1492 1493 1291)
4(1490 1491 1493 1492)
4(1292 1494 1495 1293)
4(1492 1493 1495 1494)
4(1294 1496 1497 1295)
4(1494 1495 1497 1496)
4(1296 1498 1499 1297)
4(1496 1497 1499 1498)
4(1298 1500 1501 1299)
4(1498 1499 1501 1500)
4(1300 1502 1503 1301)
4(1500 1501 1503 1502)
4(1302 1504 1505 1303)
4(1502 1503 1505 1504)
4(1304 1506 1507 1305)
4(1504 1505 1507 1506)
4(1306 1508 1509 1307)
4(1506 1507 1509 1508)
4(1308 1510 1511 1309)
4(1508 1509 1511 1510)
4(1310 1512 1513 1311)
4(1510 1511 1513 1512)
4(1312 1514 1515 1313)
4(1512 1513 1515 1514)
4(1314 1516 1517 1315)
4(1514 1515 1517 1516)
4(1316 1518 1519 1317)
4(1516 1517 1519 1518)
4(1318 1520 1521 1319)
4(1518 1519 1521 1520)
4(1320 1522 1523 1321)
4(1520 1521 1523 1522)
4(1322 1524 1525 1323)
4(1522 1523 1525 1524)
4(1324 1526 1527 1325)
4(1524 1525 1527 1526)
4(1326 1528 1529 1327)
4(1526 1527 1529 1528)
4(1328 1530 1531 1329)
4(1528 1529 1531 1530)
4(1330 1532 1533 1331)
4(1530 1531 1533 1532)
4(1332 1534 1535 1333)
4(1532 1533 1535 1534)
4(1334 1536 1537 1335)
4(1534 1535 1537 1536)
4(1336 1538 1539 1337)
4(1536 1537 1539 1538)
4(1338 1540 1541 1339)
4(1538 1539 1541 1540)
4(1340 1542 1543 1341)
4(1540 1541 1543 1542)
4(1342 1544 1545 1343)
4(1542 1543 1545 1544)
4(1344 1546 1547 1345)
4(1544 1545 1547 1546)
4(1346 1548 1549 1347)
4(1546 1547 1549 1548)
4(1348 1550 1551 1349)
4(1548 1549 1551 1550)
4(1350 1552 1553 1351)
4(1550 1551 1553 1552)
4(1352 1554 1555 1353)
4(1552 1553 1555 1554)
4(1354 1556 1557 1355)
4(1554 1555 1557 1556)
4(1356 1558 1559 1357)
4(1556 1557 1559 1558)
4(1358 1560 1561 1359)
4(1558 1559 1561 1560)
4(1360 1562 1563 1361)
4(1560 1561 1563 1562)
4(1362 1564 1565 1363)
4(1562 1563 1565 1564)
4(1364 1566 1567 1365)
4(1564 1565 1567 1566)
4(1366 1568 1569 1367)
4(1566 1567 1569 1568)
4(1368 1570 1571 1369)
4(1568 1569 1571 1570)
4(1370 1572 1573 1371)
4(1570 1571 1573 1572)
4(1372 1574 1575 1373)
4(1572 1573 1575 1574)
4(1374 1576 1577 1375)
4(1574 1575 1577 1576)
4(1376 1578 1579 1377)
4(1576 1577 1579 1578)
4(1378 1580 1581 1379)
4(1578 1579 1581 1580)
4(1380 1582 1583 1381)
4(1580 1581 1583 1582)
4(1382 1584 1585 1383)
4(1582 1583 1585 1584)
4(1384 1586 1587 1385)
4(1584 1585 1587 1586)
4(1386 1588 1589 1387)
4(1586 1587 1589 1588)
4(1388 1590 1591 1389)
4(1588 1589 1591 1590)
4(1390 1592 1593 1391)
4(1590 1591 1593 1592)
4(1392 1594 1595 1393)
4(1592 1593 1595 1594)
4(1394 1596 1597 1395)
4(1594 1595 1597 1596)
4(1396 1598 1599 1397)
4(1596 1597 1599 1598)
4(1398 1600 1601 1399)
4(1598 1599 1601 1600)
4(1400 1602 1603 1401)
4(1600 1601 1603 1602)
4(1402 1604 1605 1403)
4(1602 1603 1605 1604)
4(1404 1606 1607 1405)
4(1604 1605 1607 1606)
4(1406 1608 1609 1407)
4(1606 1607 1609 1608)
4(1408 1610 1611 1409)
4(1608 1609 1611 1610)
4(1410 1612 1613 1411)
4(1610 1611 1613 1612)
4(1612 1613 1615 1614)
4(1416 1618 1619 1417)
4(1616 1617 1619 1618)
4(1418 1620 1621 1419)
4(1618 1619 1621 1620)
4(1420 1622 1623 1421)
4(1620 1621 1623 1622)
4(1422 1624 1625 1423)
4(1622 1623 1625 1624)
4(1424 1626 1627 1425)
4(1624 1625 1627 1626)
4(1426 1628 1629 1427)
4(1626 1627 1629 1628)
4(1428 1630 1631 1429)
4(1628 1629 1631 1630)
4(1430 1632 1633 1431)
4(1630 1631 1633 1632)
4(1432 1634 1635 1433)
4(1632 1633 1635 1634)
4(1434 1636 1637 1435)
4(1634 1635 1637 1636)
4(1436 1638 1639 1437)
4(1636 1637 1639 1638)
4(1438 1640 1641 1439)
4(1638 1639 1641 1640)
4(1440 1642 1643 1441)
4(1640 1641 1643 1642)
4(1442 1644 1645 1443)
4(1642 1643 1645 1644)
4(1444 1646 1647 1445)
4(1644 1645 1647 1646)
4(1446 1648 1649 1447)
4(1646 1647 1649 1648)
4(1448 1650 1651 1449)
4(1648 1649 1651 1650)
4(1450 1652 1653 1451)
4(1650 1651 1653 1652)
4(1452 1654 1655 1453)
4(1652 1653 1655 1654)
4(1454 1656 1657 1455)
4(1654 1655 1657 1656)
4(1456 1658 1659 1457)
4(1656 1657 1659 1658)
4(1458 1660 1661 1459)
4(1658 1659 1661 1660)
4(1460 1662 1663 1461)
4(1660 1661 1663 1662)
4(1462 1664 1665 1463)
4(1662 1663 1665 1664)
4(1464 1666 1667 1465)
4(1664 1665 1667 1666)
4(1466 1668 1669 1467)
4(1666 1667 1669 1668)
4(1468 1670 1671 1469)
4(1668 1669 1671 1670)
4(1470 1672 1673 1471)
4(1670 1671 1673 1672)
4(1472 1674 1675 1473)
4(1672 1673 1675 1674)
4(1474 1676 1677 1475)
4(1674 1675 1677 1676)
4(1476 1678 1679 1477)
4(1676 1677 1679 1678)
4(1478 1680 1681 1479)
4(1678 1679 1681 1680)
4(1480 1682 1683 1481)
4(1680 1681 1683 1682)
4(1482 1684 1685 1483)
4(1682 1683 1685 1684)
4(1484 1686 1687 1485)
4(1684 1685 1687 1686)
4(1486 1688 1689 1487)
4(1686 1687 1689 1688)
4(1488 1690 1691 1489)
4(1688 1689 1691 1690)
4(1490 1692 1693 1491)
4(1690 1691 1693 1692)
4(1492 1694 1695 1493)
4(1692 1693 1695 1694)
4(1494 1696 1697 1495)
4(1694 1695 1697 1696)
4(1496 1698 1699 1497)
4(1696 1697 1699 1698)
4(1498 1700 1701 1499)
4(1698 1699 1701 1700)
4(1500 1702 1703 1501)
4(1700 1701 1703 1702)
4(1502 1704 1705 1503)
4(1702 1703 1705 1704)
4(1504 1706 1707 1505)
4(1704 1705 1707 1706)
4(1506 1708 1709 1507)
4(1706 1707 1709 1708)
4(1508 1710 1711 1509)
4(1708 1709 1711 1710)
4(1510 1712 1713 1511)
4(1710 1711 1713 1712)
4(1512 1714 1715 1513)
4(1712 1713 1715 1714)
4(1514 1716 1717 1515)
4(1714 1715 1717 1716)
4(1516 1718 1719 1517)
4(1716 1717 1719 1718)
4(1518 1720 1721 1519)
4(1718 1719 1721 1720)
4(1520 1722 1723 1521)
4(1720 1721 1723 1722)
4(1522 1724 1725 1523)
4(1722 1723 1725 1724)
4(1524 1726 1727 1525)
4(1724 1725 1727 1726)
4(1526 1728 1729 1527)
4(1726 1727 1729 1728)
4(1528 1730 1731 1529)
4(1728 1729 1731 1730)
4(1530 1732 1733 1531)
4(1730 1731 1733 1732)
4(1532 1734 1735 1533)
4(1732 1733 1735 1734)
4(1534 1736 1737 1535)
4(1734 1735 1737 1736)
4(1536 1738 1739 1537)
4(1736 1737 1739 1738)
4(1538 1740 1741 1539)
4(1738 1739 1741 1740)
4(1540 1742 1743 1541)
4(1740 1741 1743 1742)
4(1542 1744 1745 1543)
4(1742 1743 1745 1744)
4(1544 1746 1747 1545)
4(1744 1745 1747 1746)
4(1546 1748 1749 1547)
4(1746 1747 1749 1748)
4(1548 1750 1751 1549)
4(1748 1749 1751 1750)
4(1550 1752 1753 1551)
4(1750 1751 1753 1752)
4(1552 1754 1755 1553)
4(1752 1753 1755 1754)
4(1554 1756 1757 1555)
4(1754 1755 1757 1756)
4(1556 1758 1759 1557)
4(1756 1757 1759 1758)
4(1558 1760 1761 1559)
4(1758 1759 1761 1760)
4(1560 1762 1763 1561)
4(1760 1761 1763 1762)
4(1562 1764 1765 1563)
4(1762 1763 1765 1764)
4(1564 1766 1767 1565)
4(1764 1765 1767 1766)
4(1566 1768 1769 1567)
4(1766 1767 1769 1768)
4(1568 1770 1771 1569)
4(1768 1769 1771 1770)
4(1570 1772 1773 1571)
4(1770 1771 1773 1772)
4(1572 1774 1775 1573)
4(1772 1773 1775 1774)
4(1574 1776 1777 1575)
4(1774 1775 1777 1776)
4(1576 1778 1779 1577)
4(1776 1777 1779 1778)
4(1578 1780 1781 1579)
4(1778 1779 1781 1780)
4(1580 1782 1783 1581)
4(1780 1781 1783 1782)
4(1582 1784 1785 1583)
4(1782 1783 1785 1784)
4(1584 1786 1787 1585)
4(1784 1785 1787 1786)
4(1586 1788 1789 1587)
4(1786 1787 1789 1788)
4(1588 1790 1791 1589)
4(1788 1789 1791 1790)
4(1590 1792 1793 1591)
4(1790 1791 1793 1792)
4(1592 1794 1795 1593)
4(1792 1793 1795 1794)
4(1594 1796 1797 1595)
4(1794 1795 1797 1796)
4(1596 1798 1799 1597)
4(1796 1797 1799 1798)
4(1598 1800 1801 1599)
4(1798 1799 1801 1800)
4(1600 1802 1803 1601)
4(1800 1801 1803 1802)
4(1602 1804 1805 1603)
4(1802 1803 1805 1804)
4(1604 1806 1807 1605)
4(1804 1805 1807 1806)
4(1606 1808 1809 1607)
4(1806 1807 1809 1808)
4(1608 1810 1811 1609)
4(1808 1809 1811 1810)
4(1610 1812 1813 1611)
4(1810 1811 1813 1812)
4(1612 1814 1815 1613)
4(1812 1813 1815 1814)
4(1814 1815 1817 1816)
4(1618 1820 1821 1619)
4(1818 1819 1821 1820)
4(1620 1822 1823 1621)
4(1820 1821 1823 1822)
4(1622 1824 1825 1623)
4(1822 1823 1825 1824)
4(1624 1826 1827 1625)
4(1824 1825 1827 1826)
4(1626 1828 1829 1627)
4(1826 1827 1829 1828)
4(1628 1830 1831 1629)
4(1828 1829 1831 1830)
4(1630 1832 1833 1631)
4(1830 1831 1833 1832)
4(1632 1834 1835 1633)
4(1832 1833 1835 1834)
4(1634 1836 1837 1635)
4(1834 1835 1837 1836)
4(1636 1838 1839 1637)
4(1836 1837 1839 1838)
4(1638 1840 1841 1639)
4(1838 1839 1841 1840)
4(1640 1842 1843 1641)
4(1840 1841 1843 1842)
4(1642 1844 1845 1643)
4(1842 1843 1845 1844)
4(1644 1846 1847 1645)
4(1844 1845 1847 1846)
4(1646 1848 1849 1647)
4(1846 1847 1849 1848)
4(1648 1850 1851 1649)
4(1848 1849 1851 1850)
4(1650 1852 1853 1651)
4(1850 1851 1853 1852)
4(1652 1854 1855 1653)
4(1852 1853 1855 1854)
4(1654 1856 1857 1655)
4(1854 1855 1857 1856)
4(1656 1858 1859 1657)
4(1856 1857 1859 1858)
4(1658 1860 1861 1659)
4(1858 1859 1861 1860)
4(1660 1862 1863 1661)
4(1860 1861 1863 1862)
4(1662 1864 1865 1663)
4(1862 1863 1865 1864)
4(1664 1866 1867 1665)
4(1864 1865 1867 1866)
4(1666 1868 1869 1667)
4(1866 1867 1869 1868)
4(1668 1870 1871 1669)
4(1868 1869 1871 1870)
4(1670 1872 1873 1671)
4(1870 1871 1873 1872)
4(1672 1874 1875 1673)
4(1872 1873 1875 1874)
4(1674 1876 1877 1675)
4(1874 1875 1877 1876)
4(1676 1878 1879 1677)
4(1876 1877 1879 1878)
4(1678 1880 1881 1679)
4(1878 1879 1881 1880)
4(1680 1882 1883 1681)
4(1880 1881 1883 1882)
4(1682 1884 1885 1683)
4(1882 1883 1885 1884)
4(1684 1886 1887 1685)
4(1884 1885 1887 1886)
4(1686 1888 1889 1687)
4(1886 1887 1889 1888)
4(1688 1890 1891 1689)
4(1888 1889 1891 1890)
4(1690 1892 1893 1691)
4(1890 1891 1893 1892)
4(1692 1894 1895 1693)
4(1892 1893 1895 1894)
4(1694 1896 1897 1695)
4(1894 1895 1897 1896)
4(1696 1898 1899 1697)
4(1896 1897 1899 1898)
4(1698 1900 1901 1699)
4(1898 1899 1901 1900)
4(1700 1902 1903 1701)
4(1900 1901 1903 1902)
4(1702 1904 1905 1703)
4(1902 1903 1905 1904)
4(1704 1906 1907 1705)
4(1904 1905 1907 1906)
4(1706 1908 1909 1707)
4(1906 1907 1909 1908)
4(1708 1910 1911 1709)
4(1908 1909 1911 1910)
4(1710 1912 1913 1711)
4(1910 1911 1913 1912)
4(1712 1914 1915 1713)
4(1912 1913 1915 1914)
4(1714 1916 1917 1715)
4(1914 1915 1917 1916)
4(1716 1918 1919 1717)
4(1916 1917 1919 1918)
4(1718 1920 1921 1719)
4(1918 1919 1921 1920)
4(1720 1922 1923 1721)
4(1920 1921 1923 1922)
4(1722 1924 1925 1723)
4(1922 1923 1925 1924)
4(1724 1926 1927 1725)
4(1924 1925 1927 1926)
4(1726 1928 1929 1727)
4(1926 1927 1929 1928)
4(1728 1930 1931 1729)
4(1928 1929 1931 1930)
4(1730 1932 1933 1731)
4(1930 1931 1933 1932)
4(1732 1934 1935 1733)
4(1932 1933 1935 1934)
4(1734 1936 1937 1735)
4(1934 1935 1937 1936)
4(1736 1938 1939 1737)
4(1936 1937 1939 1938)
4(1738 1940 1941 1739)
4(1938 1939 1941 1940)
4(1740 1942 1943 1741)
4(1940 1941 1943 1942)
4(1742 1944 1945 1743)
4(1942 1943 1945 1944)
4(1744 1946 1947 1745)
4(1944 1945 1947 1946)
4(1746 1948 1949 1747)
4(1946 1947 1949 1948)
4(1748 1950 1951 1749)
4(1948 1949 1951 1950)
4(1750 1952 1953 1751)
4(1950 1951 1953 1952)
4(1752 1954 1955 1753)
4(1952 1953 1955 1954)
4(1754 1956 1957 1755)
4(1954 1955 1957 1956)
4(1756 1958 1959 1757)
4(1956 1957 1959 1958)
4(1758 1960 1961 1759)
4(1958 1959 1961 1960)
4(1760 1962 1963 1761)
4(1960 1961 1963 1962)
4(1762 1964 1965 1763)
4(1962 1963 1965 1964)
4(1764 1966 1967 1765)
4(1964 1965 1967 1966)
4(1766 1968 1969 1767)
4(1966 1967 1969 1968)
4(1768 1970 1971 1769)
4(1968 1969 1971 1970)
4(1770 1972 1973 1771)
4(1970 1971 1973 1972)
4(1772 1974 1975 1773)
4(1972 1973 1975 1974)
4(1774 1976 1977 1775)
4(1974 1975 1977 1976)
4(1776 1978 1979 1777)
4(1976 1977 1979 1978)
4(1778 1980 1981 1779)
4(1978 1979 1981 1980)
4(1780 1982 1983 1781)
4(1980 1981 1983 1982)
4(1782 1984 1985 1783)
4(1982 1983 1985 1984)
4(1784 1986 1987 1785)
4(1984 1985 1987 1986)
4(1786 1988 1989 1787)
4(1986 1987 1989 1988)
4(1788 1990 1991 1789)
4(1988 1989 1991 1990)
4(1790 1992 1993 1791)
4(1990 1991 1993 1992)
4(1792 1994 1995 1793)
4(1992 1993 1995 1994)
4(1794 1996 1997 1795)
4(1994 1995 1997 1996)
4(1796 1998 1999 1797)
4(1996 1997 1999 1998)
4(1798 2000 2001 1799)
4(1998 1999 2001 2000)
4(1800 2002 2003 1801)
4(2000 2001 2003 2002)
4(1802 2004 2005 1803)
4(2002 2003 2005 2004)
4(1804 2006 2007 1805)
4(2004 2005 2007 2006)
4(1806 2008 2009 1807)
4(2006 2007 2009 2008)
4(1808 2010 2011 1809)
4(2008 2009 2011 2010)
4(1810 2012 2013 1811)
4(2010 2011 2013 2012)
4(1812 2014 2015 1813)
4(2012 2013 2015 2014)
4(1814 2016 2017 1815)
4(2014 2015 2017 2016)
4(2016 2017 2019 2018)
4(1820 2022 2023 1821)
4(1822 2024 2025 1823)
4(1824 2026 2027 1825)
4(1826 2028 2029 1827)
4(1828 2030 2031 1829)
4(1830 2032 2033 1831)
4(1832 2034 2035 1833)
4(1834 2036 2037 1835)
4(1836 2038 2039 1837)
4(1838 2040 2041 1839)
4(1840 2042 2043 1841)
4(1842 2044 2045 1843)
4(1844 2046 2047 1845)
4(1846 2048 2049 1847)
4(1848 2050 2051 1849)
4(1850 2052 2053 1851)
4(1852 2054 2055 1853)
4(1854 2056 2057 1855)
4(1856 2058 2059 1857)
4(1858 2060 2061 1859)
4(1860 2062 2063 1861)
4(1862 2064 2065 1863)
4(1864 2066 2067 1865)
4(1866 2068 2069 1867)
4(1868 2070 2071 1869)
4(1870 2072 2073 1871)
4(1872 2074 2075 1873)
4(1874 2076 2077 1875)
4(1876 2078 2079 1877)
4(1878 2080 2081 1879)
4(1880 2082 2083 1881)
4(1882 2084 2085 1883)
4(1884 2086 2087 1885)
4(1886 2088 2089 1887)
4(1888 2090 2091 1889)
4(1890 2092 2093 1891)
4(1892 2094 2095 1893)
4(1894 2096 2097 1895)
4(1896 2098 2099 1897)
4(1898 2100 2101 1899)
4(1900 2102 2103 1901)
4(1902 2104 2105 1903)
4(1904 2106 2107 1905)
4(1906 2108 2109 1907)
4(1908 2110 2111 1909)
4(1910 2112 2113 1911)
4(1912 2114 2115 1913)
4(1914 2116 2117 1915)
4(1916 2118 2119 1917)
4(1918 2120 2121 1919)
4(1920 2122 2123 1921)
4(1922 2124 2125 1923)
4(1924 2126 2127 1925)
4(1926 2128 2129 1927)
4(1928 2130 2131 1929)
4(1930 2132 2133 1931)
4(1932 2134 2135 1933)
4(1934 2136 2137 1935)
4(1936 2138 2139 1937)
4(1938 2140 2141 1939)
4(1940 2142 2143 1941)
4(1942 2144 2145 1943)
4(1944 2146 2147 1945)
4(1946 2148 2149 1947)
4(1948 2150 2151 1949)
4(1950 2152 2153 1951)
4(1952 2154 2155 1953)
4(1954 2156 2157 1955)
4(1956 2158 2159 1957)
4(1958 2160 2161 1959)
4(1960 2162 2163 1961)
4(1962 2164 2165 1963)
4(1964 2166 2167 1965)
4(1966 2168 2169 1967)
4(1968 2170 2171 1969)
4(1970 2172 2173 1971)
4(1972 2174 2175 1973)
4(1974 2176 2177 1975)
4(1976 2178 2179 1977)
4(1978 2180 2181 1979)
4(1980 2182 2183 1981)
4(1982 2184 2185 1983)
4(1984 2186 2187 1985)
4(1986 2188 2189 1987)
4(1988 2190 2191 1989)
4(1990 2192 2193 1991)
4(1992 2194 2195 1993)
4(1994 2196 2197 1995)
4(1996 2198 2199 1997)
4(1998 2200 2201 1999)
4(2000 2202 2203 2001)
4(2002 2204 2205 2003)
4(2004 2206 2207 2005)
4(2006 2208 2209 2007)
4(2008 2210 2211 2009)
4(2010 2212 2213 2011)
4(2012 2214 2215 2013)
4(2014 2216 2217 2015)
4(2016 2218 2219 2017)
4(200 402 403 201)
4(402 604 605 403)
4(604 806 807 605)
4(806 1008 1009 807)
4(1008 1210 1211 1009)
4(1210 1412 1413 1211)
4(1412 1614 1615 1413)
4(1614 1816 1817 1615)
4(1816 2018 2019 1817)
4(2018 2220 2221 2019)
4(0 1 203 202)
4(202 203 405 404)
4(404 405 607 606)
4(606 607 809 808)
4(808 809 1011 1010)
4(1010 1011 1213 1212)
4(1212 1213 1415 1414)
4(1414 1415 1617 1616)
4(1616 1617 1819 1818)
4(1818 1819 2021 2020)
4(0 202 204 2)
4(2 204 206 4)
4(4 206 208 6)
4(6 208 210 8)
4(8 210 212 10)
4(10 212 214 12)
4(12 214 216 14)
4(14 216 218 16)
4(16 218 220 18)
4(18 220 222 20)
4(20 222 224 22)
4(22 224 226 24)
4(24 226 228 26)
4(26 228 230 28)
4(28 230 232 30)
4(30 232 234 32)
4(32 234 236 34)
4(34 236 238 36)
4(36 238 240 38)
4(38 240 242 40)
4(40 242 244 42)
4(42 244 246 44)
4(44 246 248 46)
4(46 248 250 48)
4(48 250 252 50)
4(50 252 254 52)
4(52 254 256 54)
4(54 256 258 56)
4(56 258 260 58)
4(58 260 262 60)
4(60 262 264 62)
4(62 264 266 64)
4(64 266 268 66)
4(66 268 270 68)
4(68 270 272 70)
4(70 272 274 72)
4(72 274 276 74)
4(74 276 278 76)
4(76 278 280 78)
4(78 280 282 80)
4(80 282 284 82)
4(82 284 286 84)
4(84 286 288 86)
4(86 288 290 88)
4(88 290 292 90)
4(90 292 294 92)
4(92 294 296 94)
4(94 296 298 96)
4(96 298 300 98)
4(98 300 302 100)
4(100 302 304 102)
4(102 304 306 104)
4(104 306 308 106)
4(106 308 310 108)
4(108 310 312 110)
4(110 312 314 112)
4(112 314 316 114)
4(114 316 318 116)
4(116 318 320 118)
4(118 320 322 120)
4(120 322 324 122)
4(122 324 326 124)
4(124 326 328 126)
4(126 328 330 128)
4(128 330 332 130)
4(130 332 334 132)
4(132 334 336 134)
4(134 336 338 136)
4(136 338 340 138)
4(138 340 342 140)
4(140 342 344 142)
4(142 344 346 144)
4(144 346 348 146)
4(146 348 350 148)
4(148 350 352 150)
4(150 352 354 152)
4(152 354 356 154)
4(154 356 358 156)
4(156 358 360 158)
4(158 360 362 160)
4(160 362 364 162)
4(162 364 366 164)
4(164 366 368 166)
4(166 368 370 168)
4(168 370 372 170)
4(170 372 374 172)
4(172 374 376 174)
4(174 376 378 176)
4(176 378 380 178)
4(178 380 382 180)
4(180 382 384 182)
4(182 384 386 184)
4(184 386 388 186)
4(186 388 390 188)
4(188 390 392 190)
4(190 392 394 192)
4(192 394 396 194)
4(194 396 398 196)
4(196 398 400 198)
4(198 400 402 200)
4(202 404 406 204)
4(204 406 408 206)
4(206 408 410 208)
4(208 410 412 210)
4(210 412 414 212)
4(212 414 416 214)
4(214 416 418 216)
4(216 418 420 218)
4(218 420 422 220)
4(220 422 424 222)
4(222 424 426 224)
4(224 426 428 226)
4(226 428 430 228)
4(228 430 432 230)
4(230 432 434 232)
4(232 434 436 234)
4(234 436 438 236)
4(236 438 440 238)
4(238 440 442 240)
4(240 442 444 242)
4(242 444 446 244)
4(244 446 448 246)
4(246 448 450 248)
4(248 450 452 250)
4(250 452 454 252)
4(252 454 456 254)
4(254 456 458 256)
4(256 458 460 258)
4(258 460 462 260)
4(260 462 464 262)
4(262 464 466 264)
4(264 466 468 266)
4(266 468 470 268)
4(268 470 472 270)
4(270 472 474 272)
4(272 474 476 274)
4(274 476 478 276)
4(276 478 480 278)
4(278 480 482 280)
4(280 482 484 282)
4(282 484 486 284)
4(284 486 488 286)
4(286 488 490 288)
4(288 490 492 290)
4(290 492 494 292)
4(292 494 496 294)
4(294 496 498 296)
4(296 498 500 298)
4(298 500 502 300)
4(300 502 504 302)
4(302 504 506 304)
4(304 506 508 306)
4(306 508 510 308)
4(308 510 512 310)
4(310 512 514 312)
4(312 514 516 314)
4(314 516 518 316)
4(316 518 520 318)
4(318 520 522 320)
4(320 522 524 322)
4(322 524 526 324)
4(324 526 528 326)
4(326 528 530 328)
4(328 530 532 330)
4(330 532 534 332)
4(332 534 536 334)
4(334 536 538 336)
4(336 538 540 338)
4(338 540 542 340)
4(340 542 544 342)
4(342 544 546 344)
4(344 546 548 346)
4(346 548 550 348)
4(348 550 552 350)
4(350 552 554 352)
4(352 554 556 354)
4(354 556 558 356)
4(356 558 560 358)
4(358 560 562 360)
4(360 562 564 362)
4(362 564 566 364)
4(364 566 568 366)
4(366 568 570 368)
4(368 570 572 370)
4(370 572 574 372)
4(372 574 576 374)
4(374 576 578 376)
4(376 578 580 378)
4(378 580 582 380)
4(380 582 584 382)
4(382 584 586 384)
4(384 586 588 386)
4(386 588 590 388)
4(388 590 592 390)
4(390 592 594 392)
4(392 594 596 394)
4(394 596 598 396)
4(396 598 600 398)
4(398 600 602 400)
4(400 602 604 402)
4(404 606 608 406)
4(406 608 610 408)
4(408 610 612 410)
4(410 612 614 412)
4(412 614 616 414)
4(414 616 618 416)
4(416 618 620 418)
4(418 620 622 420)
4(420 622 624 422)
4(422 624 626 424)
4(424 626 628 426)
4(426 628 630 428)
4(428 630 632 430)
4(430 632 634 432)
4(432 634 636 434)
4(434 636 638 436)
4(436 638 640 438)
4(438 640 642 440)
4(440 642 644 442)
4(442 644 646 444)
4(444 646 648 446)
4(446 648 650 448)
4(448 650 652 450)
4(450 652 654 452)
4(452 654 656 454)
4(454 656 658 456)
4(456 658 660 458)
4(458 660 662 460)
4(460 662 664 462)
4(462 664 666 464)
4(464 666 668 466)
4(466 668 670 468)
4(468 670 672 470)
4(470 672 674 472)
4(472 674 676 474)
4(474 676 678 476)
4(476 678 680 478)
4(478 680 682 480)
4(480 682 684 482)
4(482 684 686 484)
4(484 686 688 486)
4(486 688 690 488)
4(488 690 692 490)
4(490 692 694 492)
4(492 694 696 494)
4(494 696 698 496)
4(496 698 700 498)
4(498 700 702 500)
4(500 702 704 502)
4(502 704 706 504)
4(504 706 708 506)
4(506 708 710 508)
4(508 710 712 510)
4(510 712 714 512)
4(512 714 716 514)
4(514 716 718 516)
4(516 718 720 518)
4(518 720 722 520)
4(520 722 724 522)
4(522 724 726 524)
4(524 726 728 526)
4(526 728 730 528)
4(528 730 732 530)
4(530 732 734 532)
4(532 734 736 534)
4(534 736 738 536)
4(536 738 740 538)
4(538 740 742 540)
4(540 742 744 542)
4(542 744 746 544)
4(544 746 748 546)
4(546 748 750 548)
4(548 750 752 550)
4(550 752 754 552)
4(552 754 756 554)
4(554 756 758 556)
4(556 758 760 558)
4(558 760 762 560)
4(560 762 764 562)
4(562 764 766 564)
4(564 766 768 566)
4(566 768 770 568)
4(568 770 772 570)
4(570 772 774 572)
4(572 774 776 574)
4(574 776 778 576)
4(576 778 780 578)
4(578 780 782 580)
4(580 782 784 582)
4(582 784 786 584)
4(584 786 788 586)
4(586 788 790 588)
4(588 790 792 590)
4(590 792 794 592)
4(592 794 796 594)
4(594 796 798 596)
4(596 798 800 598)
4(598 800 802 600)
4(600 802 804 602)
4(602 804 806 604)
4(606 808 810 608)
4(608 810 812 610)
4(610 812 814 612)
4(612 814 816 614)
4(614 816 818 616)
4(616 818 820 618)
4(618 820 822 620)
4(620 822 824 622)
4(622 824 826 624)
4(624 826 828 626)
4(626 828 830 628)
4(628 830 832 630)
4(630 832 834 632)
4(632 834 836 634)
4(634 836 838 636)
4(636 838 840 638)
4(638 840 842 640)
4(640 842 844 642)
4(642 844 846 644)
4(644 846 848 646)
4(646 848 850 648)
4(648 850 852 650)
4(650 852 854 652)
4(652 854 856 654)
4(654 856 858 656)
4(656 858 860 658)
4(658 860 862 660)
4(660 862 864 662)
4(662 864 866 664)
4(664 866 868 666)
4(666 868 870 668)
4(668 870 872 670)
4(670 872 874 672)
4(672 874 876 674)
4(674 876 878 676)
4(676 878 880 678)
4(678 880 882 680)
4(680 882 884 682)
4(682 884 886 684)
4(684 886 888 686)
4(686 888 890 688)
4(688 890 892 690)
4(690 892 894 692)
4(692 894 896 694)
4(694 896 898 696)
4(696 898 900 698)
4(698 900 902 700)
4(700 902 904 702)
4(702 904 906 704)
4(704 906 908 706)
4(706 908 910 708)
4(708 910 912 710)
4(710 912 914 712)
4(712 914 916 714)
4(714 916 918 716)
4(716 918 920 718)
4(718 920 922 720)
4(720 922 924 722)
4(722 924 926 724)
4(724 926 928 726)
4(726 928 930 728)
4(728 930 932 730)
4(730 932 934 732)
4(732 934 936 734)
4(734 936 938 736)
4(736 938 940 738)
4(738 940 942 740)
4(740 942 944 742)
4(742 944 946 744)
4(744 946 948 746)
4(746 948 950 748)
4(748 950 952 750)
4(750 952 954 752)
4(752 954 956 754)
4(754 956 958 756)
4(756 958 960 758)
4(758 960 962 760)
4(760 962 964 762)
4(762 964 966 764)
4(764 966 968 766)
4(766 968 970 768)
4(768 970 972 770)
4(770 972 974 772)
4(772 974 976 774)
4(774 976 978 776)
4(776 978 980 778)
4(778 980 982 780)
4(780 982 984 782)
4(782 984 986 784)
4(784 986 988 786)
4(786 988 990 788)
4(788 990 992 790)
4(790 992 994 792)
4(792 994 996 794)
4(794 996 998 796)
4(796 998 1000 798)
4(798 1000 1002 800)
4(800 1002 1004 802)
4(802 1004 1006 804)
4(804 1006 1008 806)
4(808 1010 1012 810)
4(810 1012 1014 812)
4(812 1014 1016 814)
4(814 1016 1018 816)
4(816 1018 1020 818)
4(818 1020 1022 820)
4(820 1022 1024 822)
4(822 1024 1026 824)
4(824 1026 1028 826)
4(826 1028 1030 828)
4(828 1030 1032 830)
4(830 1032 1034 832)
4(832 1034 1036 834)
4(834 1036 1038 836)
4(836 1038 1040 838)
4(838 1040 1042 840)
4(840 1042 1044 842)
4(842 1044 1046 844)
4(844 1046 1048 846)
4(846 1048 1050 848)
4(848 1050 1052 850)
4(850 1052 1054 852)
4(852 1054 1056 854)
4(854 1056 1058 856)
4(856 1058 1060 858)
4(858 1060 1062 860)
4(860 1062 1064 862)
4(862 1064 1066 864)
4(864 1066 1068 866)
4(866 1068 1070 868)
4(868 1070 1072 870)
4(870 1072 1074 872)
4(872 1074 1076 874)
4(874 1076 1078 876)
4(876 1078 1080 878)
4(878 1080 1082 880)
4(880 1082 1084 882)
4(882 1084 1086 884)
4(884 1086 1088 886)
4(886 1088 1090 888)
4(888 1090 1092 890)
4(890 1092 1094 892)
4(892 1094 1096 894)
4(894 1096 1098 896)
4(896 1098 1100 898)
4(898 1100 1102 900)
4(900 1102 1104 902)
4(902 1104 1106 904)
4(904 1106 1108 906)
4(906 1108 1110 908)
4(908 1110 1112 910)
4(910 1112 1114 912)
4(912 1114 1116 914)
4(914 1116 1118 916)
4(916 1118 1120 918)
4(918 1120 1122 920)
4(920 1122 1124 922)
4(922 1124 1126 924)
4(924 1126 1128 926)
4(926 1128 1130 928)
4(928 1130 1132 930)
4(930 1132 1134 932)
4(932 1134 1136 934)
4(934 1136 1138 936)
4(936 1138 1140 938)
4(938 1140 1142 940)
4(940 1142 1144 942)
4(942 1144 1146 944)
4(944 1146 1148 946)
4(946 1148 1150 948)
4(948 1150 1152 950)
4(950 1152 1154 952)
4(952 1154 1156 954)
4(954 1156 1158 956)
4(956 1158 1160 958)
4(958 1160 1162 960)
4(960 1162 1164 962)
4(962 1164 1166 964)
4(964 1166 1168 966)
4(966 1168 1170 968)
4(968 1170 1172 970)
4(970 1172 1174 972)
4(972 1174 1176 974)
4(974 1176 1178 976)
4(976 1178 1180 978)
4(978 1180 1182 980)
4(980 1182 1184 982)
4(982 1184 1186 984)
4(984 1186 1188 986)
4(986 1188 1190 988)
4(988 1190 1192 990)
4(990 1192 1194 992)
4(992 1194 1196 994)
4(994 1196 1198 996)
4(996 1198 1200 998)
4(998 1200 1202 1000)
4(1000 1202 1204 1002)
4(1002 1204 1206 1004)
4(1004 1206 1208 1006)
4(1006 1208 1210 1008)
4(1010 1212 1214 1012)
4(1012 1214 1216 1014)
4(1014 1216 1218 1016)
4(1016 1218 1220 1018)
4(1018 1220 1222 1020)
4(1020 1222 1224 1022)
4(1022 1224 1226 1024)
4(1024 1226 1228 1026)
4(1026 1228 1230 1028)
4(1028 1230 1232 1030)
4(1030 1232 1234 1032)
4(1032 1234 1236 1034)
4(1034 1236 1238 1036)
4(1036 1238 1240 1038)
4(1038 1240 1242 1040)
4(1040 1242 1244 1042)
4(1042 1244 1246 1044)
4(1044 1246 1248 1046)
4(1046 1248 1250 1048)
4(1048 1250 1252 1050)
4(1050 1252 1254 1052)
4(1052 1254 1256 1054)
4(1054 1256 1258 1056)
4(1056 1258 1260 1058)
4(1058 1260 1262 1060)
4(1060 1262 1264 1062)
4(1062 1264 1266 1064)
4(1064 1266 1268 1066)
4(1066 1268 1270 1068)
4(1068 1270 1272 1070)
4(1070 1272 1274 1072)
4(1072 1274 1276 1074)
4(1074 1276 1278 1076)
4(1076 1278 1280 1078)
4(1078 1280 1282 1080)
4(1080 1282 1284 1082)
4(1082 1284 1286 1084)
4(1084 1286 1288 1086)
4(1086 1288 1290 1088)
4(1088 1290 1292 1090)
4(1090 1292 1294 1092)
4(1092 1294 1296 1094)
4(1094 1296 1298 1096)
4(1096 1298 1300 1098)
4(1098 1300 1302 1100)
4(1100 1302 1304 1102)
4(1102 1304 1306 1104)
4(1104 1306 1308 1106)
4(1106 1308 1310 1108)
4(1108 1310 1312 1110)
4(1110 1312 1314 1112)
4(1112 1314 1316 1114)
4(1114 1316 1318 1116)
4(1116 1318 1320 1118)
4(1118 1320 1322 1120)
4(1120 1322 1324 1122)
4(1122 1324 1326 1124)
4(1124 1326 1328 1126)
4(1126 1328 1330 1128)
4(1128 1330 1332 1130)
4(1130 1332 1334 1132)
4(1132 1334 1336 1134)
4(1134 1336 1338 1136)
4(1136 1338 1340 1138)
4(1138 1340 1342 1140)
4(1140 1342 1344 1142)
4(1142 1344 1346 1144)
4(1144 1346 1348 1146)
4(1146 1348 1350 1148)
4(1148 1350 1352 1150)
4(1150 1352 1354 1152)
4(1152 1354 1356 1154)
4(1154 1356 1358 1156)
4(1156 1358 1360 1158)
4(1158 1360 1362 1160)
4(1160 1362 1364 1162)
4(1162 1364 1366 1164)
4(1164 1366 1368 1166)
4(1166 1368 1370 1168)
4(1168 1370 1372 1170)
4(1170 1372 1374 1172)
4(1172 1374 1376 1174)
4(1174 1376 1378 1176)
4(1176 1378 1380 1178)
4(1178 1380 1382 1180)
4(1180 1382 1384 1182)
4(1182 1384 1386 1184)
4(1184 1386 1388 1186)
4(1186 1388 1390 1188)
4(1188 1390 1392 1190)
4(1190 1392 1394 1192)
4(1192 1394 1396 1194)
4(1194 1396 1398 1196)
4(1196 1398 1400 1198)
4(1198 1400 1402 1200)
4(1200 1402 1404 1202)
4(1202 1404 1406 1204)
4(1204 1406 1408 1206)
4(1206 1408 1410 1208)
4(1208 1410 1412 1210)
4(1212 1414 1416 1214)
4(1214 1416 1418 1216)
4(1216 1418 1420 1218)
4(1218 1420 1422 1220)
4(1220 1422 1424 1222)
4(1222 1424 1426 1224)
4(1224 1426 1428 1226)
4(1226 1428 1430 1228)
4(1228 1430 1432 1230)
4(1230 1432 1434 1232)
4(1232 1434 1436 1234)
4(1234 1436 1438 1236)
4(1236 1438 1440 1238)
4(1238 1440 1442 1240)
4(1240 1442 1444 1242)
4(1242 1444 1446 1244)
4(1244 1446 1448 1246)
4(1246 1448 1450 1248)
4(1248 1450 1452 1250)
4(1250 1452 1454 1252)
4(1252 1454 1456 1254)
4(1254 1456 1458 1256)
4(1256 1458 1460 1258)
4(1258 1460 1462 1260)
4(1260 1462 1464 1262)
4(1262 1464 1466 1264)
4(1264 1466 1468 1266)
4(1266 1468 1470 1268)
4(1268 1470 1472 1270)
4(1270 1472 1474 1272)
4(1272 1474 1476 1274)
4(1274 1476 1478 1276)
4(1276 1478 1480 1278)
4(1278 1480 1482 1280)
4(1280 1482 1484 1282)
4(1282 1484 1486 1284)
4(1284 1486 1488 1286)
4(1286 1488 1490 1288)
4(1288 1490 1492 1290)
4(1290 1492 1494 1292)
4(1292 1494 1496 1294)
4(1294 1496 1498 1296)
4(1296 1498 1500 1298)
4(1298 1500 1502 1300)
4(1300 1502 1504 1302)
4(1302 1504 1506 1304)
4(1304 1506 1508 1306)
4(1306 1508 1510 1308)
4(1308 1510 1512 1310)
4(1310 1512 1514 1312)
4(1312 1514 1516 1314)
4(1314 1516 1518 1316)
4(1316 1518 1520 1318)
4(1318 1520 1522 1320)
4(1320 1522 1524 1322)
4(1322 1524 1526 1324)
4(1324 1526 1528 1326)
4(1326 1528 1530 1328)
4(1328 1530 1532 1330)
4(1330 1532 1534 1332)
4(1332 1534 1536 1334)
4(1334 1536 1538 1336)
4(1336 1538 1540 1338)
4(1338 1540 1542 1340)
4(1340 1542 1544 1342)
4(1342 1544 1546 1344)
4(1344 1546 1548 1346)
4(1346 1548 1550 1348)
4(1348 1550 1552 1350)
4(1350 1552 1554 1352)
4(1352 1554 1556 1354)
4(1354 1556 1558 1356)
4(1356 1558 1560 1358)
4(1358 1560 1562 1360)
4(1360 1562 1564 1362)
4(1362 1564 1566 1364)
4(1364 1566 1568 1366)
4(1366 1568 1570 1368)
4(1368 1570 1572 1370)
4(1370 1572 1574 1372)
4(1372 1574 1576 1374)
4(1374 1576 1578 1376)
4(1376 1578 1580 1378)
4(1378 1580 1582 1380)
4(1380 1582 1584 1382)
4(1382 1584 1586 1384)
4(1384 1586 1588 1386)
4(1386 1588 1590 1388)
4(1388 1590 1592 1390)
4(1390 1592 1594 1392)
4(1392 1594 1596 1394)
4(1394 1596 1598 1396)
4(1396 1598 1600 1398)
4(1398 1600 1602 1400)
4(1400 1602 1604 1402)
4(1402 1604 1606 1404)
4(1404 1606 1608 1406)
4(1406 1608 1610 1408)
4(1408 1610 1612 1410)
4(1410 1612 1614 1412)
4(1414 1616 1618 1416)
4(1416 1618 1620 1418)
4(1418 1620 1622 1420)
4(1420 1622 1624 1422)
4(1422 1624 1626 1424)
4(1424 1626 1628 1426)
4(1426 1628 1630 1428)
4(1428 1630 1632 1430)
4(1430 1632 1634 1432)
4(1432 1634 1636 1434)
4(1434 1636 1638 1436)
4(1436 1638 1640 1438)
4(1438 1640 1642 1440)
4(1440 1642 1644 1442)
4(1442 1644 1646 1444)
4(1444 1646 1648 1446)
4(1446 1648 1650 1448)
4(1448 1650 1652 1450)
4(1450 1652 1654 1452)
4(1452 1654 1656 1454)
4(1454 1656 1658 1456)
4(1456 1658 1660 1458)
4(1458 1660 1662 1460)
4(1460 1662 1664 1462)
4(1462 1664 1666 1464)
4(1464 1666 1668 1466)
4(1466 1668 1670 1468)
4(1468 1670 1672 1470)
4(1470 1672 1674 1472)
4(1472 1674 1676 1474)
4(1474 1676 1678 1476)
4(1476 1678 1680 1478)
4(1478 1680 1682 1480)
4(1480 1682 1684 1482)
4(1482 1684 1686 1484)
4(1484 1686 1688 1486)
4(1486 1688 1690 1488)
4(1488 1690 1692 1490)
4(1490 1692 1694 1492)
4(1492 1694 1696 1494)
4(1494 1696 1698 1496)
4(1496 1698 1700 1498)
4(1498 1700 1702 1500)
4(1500 1702 1704 1502)
4(1502 1704 1706 1504)
4(1504 1706 1708 1506)
4(1506 1708 1710 1508)
4(1508 1710 1712 1510)
4(1510 1712 1714 1512)
4(1512 1714 1716 1514)
4(1514 1716 1718 1516)
4(1516 1718 1720 1518)
4(1518 1720 1722 1520)
4(1520 1722 1724 1522)
4(1522 1724 1726 1524)
4(1524 1726 1728 1526)
4(1526 1728 1730 1528)
4(1528 1730 1732 1530)
4(1530 1732 1734 1532)
4(1532 1734 1736 1534)
4(1534 1736 1738 1536)
4(1536 1738 1740 1538)
4(1538 1740 1742 1540)
4(1540 1742 1744 1542)
4(1542 1744 1746 1544)
4(1544 1746 1748 1546)
4(1546 1748 1750 1548)
4(1548 1750 1752 1550)
4(1550 1752 1754 1552)
4(1552 1754 1756 1554)
4(1554 1756 1758 1556)
4(1556 1758 1760 1558)
4(1558 1760 1762 1560)
4(1560 1762 1764 1562)
4(1562 1764 1766 1564)
4(1564 1766 1768 1566)
4(1566 1768 1770 1568)
4(1568 1770 1772 1570)
4(1570 1772 1774 1572)
4(1572 1774 1776 1574)
4(1574 1776 1778 1576)
4(1576 1778 1780 1578)
4(1578 1780 1782 1580)
4(1580 1782 1784 1582)
4(1582 1784 1786 1584)
4(1584 1786 1788 1586)
4(1586 1788 1790 1588)
4(1588 1790 1792 1590)
4(1590 1792 1794 1592)
4(1592 1794 1796 1594)
4(1594 1796 1798 1596)
4(1596 1798 1800 1598)
4(1598 1800 1802 1600)
4(1600 1802 1804 1602)
4(1602 1804 1806 1604)
4(1604 1806 1808 1606)
4(1606 1808 1810 1608)
4(1608 1810 1812 1610)
4(1610 1812 1814 1612)
4(1612 1814 1816 1614)
4(1616 1818 1820 1618)
4(1618 1820 1822 1620)
4(1620 1822 1824 1622)
4(1622 1824 1826 1624)
4(1624 1826 1828 1626)
4(1626 1828 1830 1628)
4(1628 1830 1832 1630)
4(1630 1832 1834 1632)
4(1632 1834 1836 1634)
4(1634 1836 1838 1636)
4(1636 1838 1840 1638)
4(1638 1840 1842 1640)
4(1640 1842 1844 1642)
4(1642 1844 1846 1644)
4(1644 1846 1848 1646)
4(1646 1848 1850 1648)
4(1648 1850 1852 1650)
4(1650 1852 1854 1652)
4(1652 1854 1856 1654)
4(1654 1856 1858 1656)
4(1656 1858 1860 1658)
4(1658 1860 1862 1660)
4(1660 1862 1864 1662)
4(1662 1864 1866 1664)
4(1664 1866 1868 1666)
4(1666 1868 1870 1668)
4(1668 1870 1872 1670)
4(1670 1872 1874 1672)
4(1672 1874 1876 1674)
4(1674 1876 1878 1676)
4(1676 1878 1880 1678)
4(1678 1880 1882 1680)
4(1680 1882 1884 1682)
4(1682 1884 1886 1684)
4(1684 1886 1888 1686)
4(1686 1888 1890 1688)
4(1688 1890 1892 1690)
4(1690 1892 1894 1692)
4(1692 1894 1896 1694)
4(1694 1896 1898 1696)
4(1696 1898 1900 1698)
4(1698 1900 1902 1700)
4(1700 1902 1904 1702)
4(1702 1904 1906 1704)
4(1704 1906 1908 1706)
4(1706 1908 1910 1708)
4(1708 1910 1912 1710)
4(1710 1912 1914 1712)
4(1712 1914 1916 1714)
4(1714 1916 1918 1716)
4(1716 1918 1920 1718)
4(1718 1920 1922 1720)
4(1720 1922 1924 1722)
4(1722 1924 1926 1724)
4(1724 1926 1928 1726)
4(1726 1928 1930 1728)
4(1728 1930 1932 1730)
4(1730 1932 1934 1732)
4(1732 1934 1936 1734)
4(1734 1936 1938 1736)
4(1736 1938 1940 1738)
4(1738 1940 1942 1740)
4(1740 1942 1944 1742)
4(1742 1944 1946 1744)
4(1744 1946 1948 1746)
4(1746 1948 1950 1748)
4(1748 1950 1952 1750)
4(1750 1952 1954 1752)
4(1752 1954 1956 1754)
4(1754 1956 1958 1756)
4(1756 1958 1960 1758)
4(1758 1960 1962 1760)
4(1760 1962 1964 1762)
4(1762 1964 1966 1764)
4(1764 1966 1968 1766)
4(1766 1968 1970 1768)
4(1768 1970 1972 1770)
4(1770 1972 1974 1772)
4(1772 1974 1976 1774)
4(1774 1976 1978 1776)
4(1776 1978 1980 1778)
4(1778 1980 1982 1780)
4(1780 1982 1984 1782)
4(1782 1984 1986 1784)
4(1784 1986 1988 1786)
4(1786 1988 1990 1788)
4(1788 1990 1992 1790)
4(1790 1992 1994 1792)
4(1792 1994 1996 1794)
4(1794 1996 1998 1796)
4(1796 1998 2000 1798)
4(1798 2000 2002 1800)
4(1800 2002 2004 1802)
4(1802 2004 2006 1804)
4(1804 2006 2008 1806)
4(1806 2008 2010 1808)
4(1808 2010 2012 1810)
4(1810 2012 2014 1812)
4(1812 2014 2016 1814)
4(1814 2016 2018 1816)
4(1818 2020 2022 1820)
4(1820 2022 2024 1822)
4(1822 2024 2026 1824)
4(1824 2026 2028 1826)
4(1826 2028 2030 1828)
4(1828 2030 2032 1830)
4(1830 2032 2034 1832)
4(1832 2034 2036 1834)
4(1834 2036 2038 1836)
4(1836 2038 2040 1838)
4(1838 2040 2042 1840)
4(1840 2042 2044 1842)
4(1842 2044 2046 1844)
4(1844 2046 2048 1846)
4(1846 2048 2050 1848)
4(1848 2050 2052 1850)
4(1850 2052 2054 1852)
4(1852 2054 2056 1854)
4(1854 2056 2058 1856)
4(1856 2058 2060 1858)
4(1858 2060 2062 1860)
4(1860 2062 2064 1862)
4(1862 2064 2066 1864)
4(1864 2066 2068 1866)
4(1866 2068 2070 1868)
4(1868 2070 2072 1870)
4(1870 2072 2074 1872)
4(1872 2074 2076 1874)
4(1874 2076 2078 1876)
4(1876 2078 2080 1878)
4(1878 2080 2082 1880)
4(1880 2082 2084 1882)
4(1882 2084 2086 1884)
4(1884 2086 2088 1886)
4(1886 2088 2090 1888)
4(1888 2090 2092 1890)
4(1890 2092 2094 1892)
4(1892 2094 2096 1894)
4(1894 2096 2098 1896)
4(1896 2098 2100 1898)
4(1898 2100 2102 1900)
4(1900 2102 2104 1902)
4(1902 2104 2106 1904)
4(1904 2106 2108 1906)
4(1906 2108 2110 1908)
4(1908 2110 2112 1910)
4(1910 2112 2114 1912)
4(1912 2114 2116 1914)
4(1914 2116 2118 1916)
4(1916 2118 2120 1918)
4(1918 2120 2122 1920)
4(1920 2122 2124 1922)
4(1922 2124 2126 1924)
4(1924 2126 2128 1926)
4(1926 2128 2130 1928)
4(1928 2130 2132 1930)
4(1930 2132 2134 1932)
4(1932 2134 2136 1934)
4(1934 2136 2138 1936)
4(1936 2138 2140 1938)
4(1938 2140 2142 1940)
4(1940 2142 2144 1942)
4(1942 2144 2146 1944)
4(1944 2146 2148 1946)
4(1946 2148 2150 1948)
4(1948 2150 2152 1950)
4(1950 2152 2154 1952)
4(1952 2154 2156 1954)
4(1954 2156 2158 1956)
4(1956 2158 2160 1958)
4(1958 2160 2162 1960)
4(1960 2162 2164 1962)
4(1962 2164 2166 1964)
4(1964 2166 2168 1966)
4(1966 2168 2170 1968)
4(1968 2170 2172 1970)
4(1970 2172 2174 1972)
4(1972 2174 2176 1974)
4(1974 2176 2178 1976)
4(1976 2178 2180 1978)
4(1978 2180 2182 1980)
4(1980 2182 2184 1982)
4(1982 2184 2186 1984)
4(1984 2186 2188 1986)
4(1986 2188 2190 1988)
4(1988 2190 2192 1990)
4(1990 2192 2194 1992)
4(1992 2194 2196 1994)
4(1994 2196 2198 1996)
4(1996 2198 2200 1998)
4(1998 2200 2202 2000)
4(2000 2202 2204 2002)
4(2002 2204 2206 2004)
4(2004 2206 2208 2006)
4(2006 2208 2210 2008)
4(2008 2210 2212 2010)
4(2010 2212 2214 2012)
4(2012 2214 2216 2014)
4(2014 2216 2218 2016)
4(2016 2218 2220 2018)
4(1 3 205 203)
4(3 5 207 205)
4(5 7 209 207)
4(7 9 211 209)
4(9 11 213 211)
4(11 13 215 213)
4(13 15 217 215)
4(15 17 219 217)
4(17 19 221 219)
4(19 21 223 221)
4(21 23 225 223)
4(23 25 227 225)
4(25 27 229 227)
4(27 29 231 229)
4(29 31 233 231)
4(31 33 235 233)
4(33 35 237 235)
4(35 37 239 237)
4(37 39 241 239)
4(39 41 243 241)
4(41 43 245 243)
4(43 45 247 245)
4(45 47 249 247)
4(47 49 251 249)
4(49 51 253 251)
4(51 53 255 253)
4(53 55 257 255)
4(55 57 259 257)
4(57 59 261 259)
4(59 61 263 261)
4(61 63 265 263)
4(63 65 267 265)
4(65 67 269 267)
4(67 69 271 269)
4(69 71 273 271)
4(71 73 275 273)
4(73 75 277 275)
4(75 77 279 277)
4(77 79 281 279)
4(79 81 283 281)
4(81 83 285 283)
4(83 85 287 285)
4(85 87 289 287)
4(87 89 291 289)
4(89 91 293 291)
4(91 93 295 293)
4(93 95 297 295)
4(95 97 299 297)
4(97 99 301 299)
4(99 101 303 301)
4(101 103 305 303)
4(103 105 307 305)
4(105 107 309 307)
4(107 109 311 309)
4(109 111 313 311)
4(111 113 315 313)
4(113 115 317 315)
4(115 117 319 317)
4(117 119 321 319)
4(119 121 323 321)
4(121 123 325 323)
4(123 125 327 325)
4(125 127 329 327)
4(127 129 331 329)
4(129 131 333 331)
4(131 133 335 333)
4(133 135 337 335)
4(135 137 339 337)
4(137 139 341 339)
4(139 141 343 341)
4(141 143 345 343)
4(143 145 347 345)
4(145 147 349 347)
4(147 149 351 349)
4(149 151 353 351)
4(151 153 355 353)
4(153 155 357 355)
4(155 157 359 357)
4(157 159 361 359)
4(159 161 363 361)
4(161 163 365 363)
4(163 165 367 365)
4(165 167 369 367)
4(167 169 371 369)
4(169 171 373 371)
4(171 173 375 373)
4(173 175 377 375)
4(175 177 379 377)
4(177 179 381 379)
4(179 181 383 381)
4(181 183 385 383)
4(183 185 387 385)
4(185 187 389 387)
4(187 189 391 389)
4(189 191 393 391)
4(191 193 395 393)
4(193 195 397 395)
4(195 197 399 397)
4(197 199 401 399)
4(199 201 403 401)
4(203 205 407 405)
4(205 207 409 407)
4(207 209 411 409)
4(209 211 413 411)
4(211 213 415 413)
4(213 215 417 415)
4(215 217 419 417)
4(217 219 421 419)
4(219 221 423 421)
4(221 223 425 423)
4(223 225 427 425)
4(225 227 429 427)
4(227 229 431 429)
4(229 231 433 431)
4(231 233 435 433)
4(233 235 437 435)
4(235 237 439 437)
4(237 239 441 439)
4(239 241 443 441)
4(241 243 445 443)
4(243 245 447 445)
4(245 247 449 447)
4(247 249 451 449)
4(249 251 453 451)
4(251 253 455 453)
4(253 255 457 455)
4(255 257 459 457)
4(257 259 461 459)
4(259 261 463 461)
4(261 263 465 463)
4(263 265 467 465)
4(265 267 469 467)
4(267 269 471 469)
4(269 271 473 471)
4(271 273 475 473)
4(273 275 477 475)
4(275 277 479 477)
4(277 279 481 479)
4(279 281 483 481)
4(281 283 485 483)
4(283 285 487 485)
4(285 287 489 487)
4(287 289 491 489)
4(289 291 493 491)
4(291 293 495 493)
4(293 295 497 495)
4(295 297 499 497)
4(297 299 501 499)
4(299 301 503 501)
4(301 303 505 503)
4(303 305 507 505)
4(305 307 509 507)
4(307 309 511 509)
4(309 311 513 511)
4(311 313 515 513)
4(313 315 517 515)
4(315 317 519 517)
4(317 319 521 519)
4(319 321 523 521)
4(321 323 525 523)
4(323 325 527 525)
4(325 327 529 527)
4(327 329 531 529)
4(329 331 533 531)
4(331 333 535 533)
4(333 335 537 535)
4(335 337 539 537)
4(337 339 541 539)
4(339 341 543 541)
4(341 343 545 543)
4(343 345 547 545)
4(345 347 549 547)
4(347 349 551 549)
4(349 351 553 551)
4(351 353 555 553)
4(353 355 557 555)
4(355 357 559 557)
4(357 359 561 559)
4(359 361 563 561)
4(361 363 565 563)
4(363 365 567 565)
4(365 367 569 567)
4(367 369 571 569)
4(369 371 573 571)
4(371 373 575 573)
4(373 375 577 575)
4(375 377 579 577)
4(377 379 581 579)
4(379 381 583 581)
4(381 383 585 583)
4(383 385 587 585)
4(385 387 589 587)
4(387 389 591 589)
4(389 391 593 591)
4(391 393 595 593)
4(393 395 597 595)
4(395 397 599 597)
4(397 399 601 599)
4(399 401 603 601)
4(401 403 605 603)
4(405 407 609 607)
4(407 409 611 609)
4(409 411 613 611)
4(411 413 615 613)
4(413 415 617 615)
4(415 417 619 617)
4(417 419 621 619)
4(419 421 623 621)
4(421 423 625 623)
4(423 425 627 625)
4(425 427 629 627)
4(427 429 631 629)
4(429 431 633 631)
4(431 433 635 633)
4(433 435 637 635)
4(435 437 639 637)
4(437 439 641 639)
4(439 441 643 641)
4(441 443 645 643)
4(443 445 647 645)
4(445 447 649 647)
4(447 449 651 649)
4(449 451 653 651)
4(451 453 655 653)
4(453 455 657 655)
4(455 457 659 657)
4(457 459 661 659)
4(459 461 663 661)
4(461 463 665 663)
4(463 465 667 665)
4(465 467 669 667)
4(467 469 671 669)
4(469 471 673 671)
4(471 473 675 673)
4(473 475 677 675)
4(475 477 679 677)
4(477 479 681 679)
4(479 481 683 681)
4(481 483 685 683)
4(483 485 687 685)
4(485 487 689 687)
4(487 489 691 689)
4(489 491 693 691)
4(491 493 695 693)
4(493 495 697 695)
4(495 497 699 697)
4(497 499 701 699)
4(499 501 703 701)
4(501 503 705 703)
4(503 505 707 705)
4(505 507 709 707)
4(507 509 711 709)
4(509 511 713 711)
4(511 513 715 713)
4(513 515 717 715)
4(515 517 719 717)
4(517 519 721 719)
4(519 521 723 721)
4(521 523 725 723)
4(523 525 727 725)
4(525 527 729 727)
4(527 529 731 729)
4(529 531 733 731)
4(531 533 735 733)
4(533 535 737 735)
4(535 537 739 737)
4(537 539 741 739)
4(539 541 743 741)
4(541 543 745 743)
4(543 545 747 745)
4(545 547 749 747)
4(547 549 751 749)
4(549 551 753 751)
4(551 553 755 753)
4(553 555 757 755)
4(555 557 759 757)
4(557 559 761 759)
4(559 561 763 761)
4(561 563 765 763)
4(563 565 767 765)
4(565 567 769 767)
4(567 569 771 769)
4(569 571 773 771)
4(571 573 775 773)
4(573 575 777 775)
4(575 577 779 777)
4(577 579 781 779)
4(579 581 783 781)
4(581 583 785 783)
4(583 585 787 785)
4(585 587 789 787)
4(587 589 791 789)
4(589 591 793 791)
4(591 593 795 793)
4(593 595 797 795)
4(595 597 799 797)
4(597 599 801 799)
4(599 601 803 801)
4(601 603 805 803)
4(603 605 807 805)
4(607 609 811 809)
4(609 611 813 811)
4(611 613 815 813)
4(613 615 817 815)
4(615 617 819 817)
4(617 619 821 819)
4(619 621 823 821)
4(621 623 825 823)
4(623 625 827 825)
4(625 627 829 827)
4(627 629 831 829)
4(629 631 833 831)
4(631 633 835 833)
4(633 635 837 835)
4(635 637 839 837)
4(637 639 841 839)
4(639 641 843 841)
4(641 643 845 843)
4(643 645 847 845)
4(645 647 849 847)
4(647 649 851 849)
4(649 651 853 851)
4(651 653 855 853)
4(653 655 857 855)
4(655 657 859 857)
4(657 659 861 859)
4(659 661 863 861)
4(661 663 865 863)
4(663 665 867 865)
4(665 667 869 867)
4(667 669 871 869)
4(669 671 873 871)
4(671 673 875 873)
4(673 675 877 875)
4(675 677 879 877)
4(677 679 881 879)
4(679 681 883 881)
4(681 683 885 883)
4(683 685 887 885)
4(685 687 889 887)
4(687 689 891 889)
4(689 691 893 891)
4(691 693 895 893)
4(693 695 897 895)
4(695 697 899 897)
4(697 699 901 899)
4(699 701 903 901)
4(701 703 905 903)
4(703 705 907 905)
4(705 707 909 907)
4(707 709 911 909)
4(709 711 913 911)
4(711 713 915 913)
4(713 715 917 915)
4(715 717 919 917)
4(717 719 921 919)
4(719 721 923 921)
4(721 723 925 923)
4(723 725 927 925)
4(725 727 929 927)
4(727 729 931 929)
4(729 731 933 931)
4(731 733 935 933)
4(733 735 937 935)
4(735 737 939 937)
4(737 739 941 939)
4(739 741 943 941)
4(741 743 945 943)
4(743 745 947 945)
4(745 747 949 947)
4(747 749 951 949)
4(749 751 953 951)
4(751 753 955 953)
4(753 755 957 955)
4(755 757 959 957)
4(757 759 961 959)
4(759 761 963 961)
4(761 763 965 963)
4(763 765 967 965)
4(765 767 969 967)
4(767 769 971 969)
4(769 771 973 971)
4(771 773 975 973)
4(773 775 977 975)
4(775 777 979 977)
4(777 779 981 979)
4(779 781 983 981)
4(781 783 985 983)
4(783 785 987 985)
4(785 787 989 987)
4(787 789 991 989)
4(789 791 993 991)
4(791 793 995 993)
4(793 795 997 995)
4(795 797 999 997)
4(797 799 1001 999)
4(799 801 1003 1001)
4(801 803 1005 1003)
4(803 805 1007 1005)
4(805 807 1009 1007)
4(809 811 1013 1011)
4(811 813 1015 1013)
4(813 815 1017 1015)
4(815 817 1019 1017)
4(817 819 1021 1019)
4(819 821 1023 1021)
4(821 823 1025 1023)
4(823 825 1027 1025)
4(825 827 1029 1027)
4(827 829 1031 1029)
4(829 831 1033 1031)
4(831 833 1035 1033)
4(833 835 1037 1035)
4(835 837 1039 1037)
4(837 839 1041 1039)
4(839 841 1043 1041)
4(841 843 1045 1043)
4(843 845 1047 1045)
4(845 847 1049 1047)
4(847 849 1051 1049)
4(849 851 1053 1051)
4(851 853 1055 1053)
4(853 855 1057 1055)
4(855 857 1059 1057)
4(857 859 1061 1059)
4(859 861 1063 1061)
4(861 863 1065 1063)
4(863 865 1067 1065)
4(865 867 1069 1067)
4(867 869 1071 1069)
4(869 871 1073 1071)
4(871 873 1075 1073)
4(873 875 1077 1075)
4(875 877 1079 1077)
4(877 879 1081 1079)
4(879 881 1083 1081)
4(881 883 1085 1083)
4(883 885 1087 1085)
4(885 887 1089 1087)
4(887 889 1091 1089)
4(889 891 1093 1091)
4(891 893 1095 1093)
4(893 895 1097 1095)
4(895 897 1099 1097)
4(897 899 1101 1099)
4(899 901 1103 1101)
4(901 903 1105 1103)
4(903 905 1107 1105)
4(905 907 1109 1107)
4(907 909 1111 1109)
4(909 911 1113 1111)
4(911 913 1115 1113)
4(913 915 1117 1115)
4(915 917 1119 1117)
4(917 919 1121 1119)
4(919 921 1123 1121)
4(921 923 1125 1123)
4(923 925 1127 1125)
4(925 927 1129 1127)
4(927 929 1131 1129)
4(929 931 1133 1131)
4(931 933 1135 1133)
4(933 935 1137 1135)
4(935 937 1139 1137)
4(937 939 1141 1139)
4(939 941 1143 1141)
4(941 943 1145 1143)
4(943 945 1147 1145)
4(945 947 1149 1147)
4(947 949 1151 1149)
4(949 951 1153 1151)
4(951 953 1155 1153)
4(953 955 1157 1155)
4(955 957 1159 1157)
4(957 959 1161 1159)
4(959 961 1163 1161)
4(961 963 1165 1163)
4(963 965 1167 1165)
4(965 967 1169 1167)
4(967 969 1171 1169)
4(969 971 1173 1171)
4(971 973 1175 1173)
4(973 975 1177 1175)
4(975 977 1179 1177)
4(977 979 1181 1179)
4(979 981 1183 1181)
4(981 983 1185 1183)
4(983 985 1187 1185)
4(985 987 1189 1187)
4(987 989 1191 1189)
4(989 991 1193 1191)
4(991 993 1195 1193)
4(993 995 1197 1195)
4(995 997 1199 1197)
4(997 999 1201 1199)
4(999 1001 1203 1201)
4(1001 1003 1205 1203)
4(1003 1005 1207 1205)
4(1005 1007 1209 1207)
4(1007 1009 1211 1209)
4(1011 1013 1215 1213)
4(1013 1015 1217 1215)
4(1015 1017 1219 1217)
4(1017 1019 1221 1219)
4(1019 1021 1223 1221)
4(1021 1023 1225 1223)
4(1023 1025 1227 1225)
4(1025 1027 1229 1227)
4(1027 1029 1231 1229)
4(1029 1031 1233 1231)
4(1031 1033 1235 1233)
4(1033 1035 1237 1235)
4(1035 1037 1239 1237)
4(1037 1039 1241 1239)
4(1039 1041 1243 1241)
4(1041 1043 1245 1243)
4(1043 1045 1247 1245)
4(1045 1047 1249 1247)
4(1047 1049 1251 1249)
4(1049 1051 1253 1251)
4(1051 1053 1255 1253)
4(1053 1055 1257 1255)
4(1055 1057 1259 1257)
4(1057 1059 1261 1259)
4(1059 1061 1263 1261)
4(1061 1063 1265 1263)
4(1063 1065 1267 1265)
4(1065 1067 1269 1267)
4(1067 1069 1271 1269)
4(1069 1071 1273 1271)
4(1071 1073 1275 1273)
4(1073 1075 1277 1275)
4(1075 1077 1279 1277)
4(1077 1079 1281 1279)
4(1079 1081 1283 1281)
4(1081 1083 1285 1283)
4(1083 1085 1287 1285)
4(1085 1087 1289 1287)
4(1087 1089 1291 1289)
4(1089 1091 1293 1291)
4(1091 1093 1295 1293)
4(1093 1095 1297 1295)
4(1095 1097 1299 1297)
4(1097 1099 1301 1299)
4(1099 1101 1303 1301)
4(1101 1103 1305 1303)
4(1103 1105 1307 1305)
4(1105 1107 1309 1307)
4(1107 1109 1311 1309)
4(1109 1111 1313 1311)
4(1111 1113 1315 1313)
4(1113 1115 1317 1315)
4(1115 1117 1319 1317)
4(1117 1119 1321 1319)
4(1119 1121 1323 1321)
4(1121 1123 1325 1323)
4(1123 1125 1327 1325)
4(1125 1127 1329 1327)
4(1127 1129 1331 1329)
4(1129 1131 1333 1331)
4(1131 1133 1335 1333)
4(1133 1135 1337 1335)
4(1135 1137 1339 1337)
4(1137 1139 1341 1339)
4(1139 1141 1343 1341)
4(1141 1143 1345 1343)
4(1143 1145 1347 1345)
4(1145 1147 1349 1347)
4(1147 1149 1351 1349)
4(1149 1151 1353 1351)
4(1151 1153 1355 1353)
4(1153 1155 1357 1355)
4(1155 1157 1359 1357)
4(1157 1159 1361 1359)
4(1159 1161 1363 1361)
4(1161 1163 1365 1363)
4(1163 1165 1367 1365)
4(1165 1167 1369 1367)
4(1167 1169 1371 1369)
4(1169 1171 1373 1371)
4(1171 1173 1375 1373)
4(1173 1175 1377 1375)
4(1175 1177 1379 1377)
4(1177 1179 1381 1379)
4(1179 1181 1383 1381)
4(1181 1183 1385 1383)
4(1183 1185 1387 1385)
4(1185 1187 1389 1387)
4(1187 1189 1391 1389)
4(1189 1191 1393 1391)
4(1191 1193 1395 1393)
4(1193 1195 1397 1395)
4(1195 1197 1399 1397)
4(1197 1199 1401 1399)
4(1199 1201 1403 1401)
4(1201 1203 1405 1403)
4(1203 1205 1407 1405)
4(1205 1207 1409 1407)
4(1207 1209 1411 1409)
4(1209 1211 1413 1411)
4(1213 1215 1417 1415)
4(1215 1217 1419 1417)
4(1217 1219 1421 1419)
4(1219 1221 1423 1421)
4(1221 1223 1425 1423)
4(1223 1225 1427 1425)
4(1225 1227 1429 1427)
4(1227 1229 1431 1429)
4(1229 1231 1433 1431)
4(1231 1233 1435 1433)
4(1233 1235 1437 1435)
4(1235 1237 1439 1437)
4(1237 1239 1441 1439)
4(1239 1241 1443 1441)
4(1241 1243 1445 1443)
4(1243 1245 1447 1445)
4(1245 1247 1449 1447)
4(1247 1249 1451 1449)
4(1249 1251 1453 1451)
4(1251 1253 1455 1453)
4(1253 1255 1457 1455)
4(1255 1257 1459 1457)
4(1257 1259 1461 1459)
4(1259 1261 1463 1461)
4(1261 1263 1465 1463)
4(1263 1265 1467 1465)
4(1265 1267 1469 1467)
4(1267 1269 1471 1469)
4(1269 1271 1473 1471)
4(1271 1273 1475 1473)
4(1273 1275 1477 1475)
4(1275 1277 1479 1477)
4(1277 1279 1481 1479)
4(1279 1281 1483 1481)
4(1281 1283 1485 1483)
4(1283 1285 1487 1485)
4(1285 1287 1489 1487)
4(1287 1289 1491 1489)
4(1289 1291 1493 1491)
4(1291 1293 1495 1493)
4(1293 1295 1497 1495)
4(1295 1297 1499 1497)
4(1297 1299 1501 1499)
4(1299 1301 1503 1501)
4(1301 1303 1505 1503)
4(1303 1305 1507 1505)
4(1305 1307 1509 1507)
4(1307 1309 1511 1509)
4(1309 1311 1513 1511)
4(1311 1313 1515 1513)
4(1313 1315 1517 1515)
4(1315 1317 1519 1517)
4(1317 1319 1521 1519)
4(1319 1321 1523 1521)
4(1321 1323 1525 1523)
4(1323 1325 1527 1525)
4(1325 1327 1529 1527)
4(1327 1329 1531 1529)
4(1329 1331 1533 1531)
4(1331 1333 1535 1533)
4(1333 1335 1537 1535)
4(1335 1337 1539 1537)
4(1337 1339 1541 1539)
4(1339 1341 1543 1541)
4(1341 1343 1545 1543)
4(1343 1345 1547 1545)
4(1345 1347 1549 1547)
4(1347 1349 1551 1549)
4(1349 1351 1553 1551)
4(1351 1353 1555 1553)
4(1353 1355 1557 1555)
4(1355 1357 1559 1557)
4(1357 1359 1561 1559)
4(1359 1361 1563 1561)
4(1361 1363 1565 1563)
4(1363 1365 1567 1565)
4(1365 1367 1569 1567)
4(1367 1369 1571 1569)
4(1369 1371 1573 1571)
4(1371 1373 1575 1573)
4(1373 1375 1577 1575)
4(1375 1377 1579 1577)
4(1377 1379 1581 1579)
4(1379 1381 1583 1581)
4(1381 1383 1585 1583)
4(1383 1385 1587 1585)
4(1385 1387 1589 1587)
4(1387 1389 1591 1589)
4(1389 1391 1593 1591)
4(1391 1393 1595 1593)
4(1393 1395 1597 1595)
4(1395 1397 1599 1597)
4(1397 1399 1601 1599)
4(1399 1401 1603 1601)
4(1401 1403 1605 1603)
4(1403 1405 1607 1605)
4(1405 1407 1609 1607)
4(1407 1409 1611 1609)
4(1409 1411 1613 1611)
4(1411 1413 1615 1613)
4(1415 1417 1619 1617)
4(1417 1419 1621 1619)
4(1419 1421 1623 1621)
4(1421 1423 1625 1623)
4(1423 1425 1627 1625)
4(1425 1427 1629 1627)
4(1427 1429 1631 1629)
4(1429 1431 1633 1631)
4(1431 1433 1635 1633)
4(1433 1435 1637 1635)
4(1435 1437 1639 1637)
4(1437 1439 1641 1639)
4(1439 1441 1643 1641)
4(1441 1443 1645 1643)
4(1443 1445 1647 1645)
4(1445 1447 1649 1647)
4(1447 1449 1651 1649)
4(1449 1451 1653 1651)
4(1451 1453 1655 1653)
4(1453 1455 1657 1655)
4(1455 1457 1659 1657)
4(1457 1459 1661 1659)
4(1459 1461 1663 1661)
4(1461 1463 1665 1663)
4(1463 1465 1667 1665)
4(1465 1467 1669 1667)
4(1467 1469 1671 1669)
4(1469 1471 1673 1671)
4(1471 1473 1675 1673)
4(1473 1475 1677 1675)
4(1475 1477 1679 1677)
4(1477 1479 1681 1679)
4(1479 1481 1683 1681)
4(1481 1483 1685 1683)
4(1483 1485 1687 1685)
4(1485 1487 1689 1687)
4(1487 1489 1691 1689)
4(1489 1491 1693 1691)
4(1491 1493 1695 1693)
4(1493 1495 1697 1695)
4(1495 1497 1699 1697)
4(1497 1499 1701 1699)
4(1499 1501 1703 1701)
4(1501 1503 1705 1703)
4(1503 1505 1707 1705)
4(1505 1507 1709 1707)
4(1507 1509 1711 1709)
4(1509 1511 1713 1711)
4(1511 1513 1715 1713)
4(1513 1515 1717 1715)
4(1515 1517 1719 1717)
4(1517 1519 1721 1719)
4(1519 1521 1723 1721)
4(1521 1523 1725 1723)
4(1523 1525 1727 1725)
4(1525 1527 1729 1727)
4(1527 1529 1731 1729)
4(1529 1531 1733 1731)
4(1531 1533 1735 1733)
4(1533 1535 1737 1735)
4(1535 1537 1739 1737)
4(1537 1539 1741 1739)
4(1539 1541 1743 1741)
4(1541 1543 1745 1743)
4(1543 1545 1747 1745)
4(1545 1547 1749 1747)
4(1547 1549 1751 1749)
4(1549 1551 1753 1751)
4(1551 1553 1755 1753)
4(1553 1555 1757 1755)
4(1555 1557 1759 1757)
4(1557 1559 1761 1759)
4(1559 1561 1763 1761)
4(1561 1563 1765 1763)
4(1563 1565 1767 1765)
4(1565 1567 1769 1767)
4(1567 1569 1771 1769)
4(1569 1571 1773 1771)
4(1571 1573 1775 1773)
4(1573 1575 1777 1775)
4(1575 1577 1779 1777)
4(1577 1579 1781 1779)
4(1579 1581 1783 1781)
4(1581 1583 1785 1783)
4(1583 1585 1787 1785)
4(1585 1587 1789 1787)
4(1587 1589 1791 1789)
4(1589 1591 1793 1791)
4(1591 1593 1795 1793)
4(1593 1595 1797 1795)
4(1595 1597 1799 1797)
4(1597 1599 1801 1799)
4(1599 1601 1803 1801)
4(1601 1603 1805 1803)
4(1603 1605 1807 1805)
4(1605 1607 1809 1807)
4(1607 1609 1811 1809)
4(1609 1611 1813 1811)
4(1611 1613 1815 1813)
4(1613 1615 1817 1815)
4(1617 1619 1821 1819)
4(1619 1621 1823 1821)
4(1621 1623 1825 1823)
4(1623 1625 1827 1825)
4(1625 1627 1829 1827)
4(1627 1629 1831 1829)
4(1629 1631 1833 1831)
4(1631 1633 1835 1833)
4(1633 1635 1837 1835)
4(1635 1637 1839 1837)
4(1637 1639 1841 1839)
4(1639 1641 1843 1841)
4(1641 1643 1845 1843)
4(1643 1645 1847 1845)
4(1645 1647 1849 1847)
4(1647 1649 1851 1849)
4(1649 1651 1853 1851)
4(1651 1653 1855 1853)
4(1653 1655 1857 1855)
4(1655 1657 1859 1857)
4(1657 1659 1861 1859)
4(1659 1661 1863 1861)
4(1661 1663 1865 1863)
4(1663 1665 1867 1865)
4(1665 1667 1869 1867)
4(1667 1669 1871 1869)
4(1669 1671 1873 1871)
4(1671 1673 1875 1873)
4(1673 1675 1877 1875)
4(1675 1677 1879 1877)
4(1677 1679 1881 1879)
4(1679 1681 1883 1881)
4(1681 1683 1885 1883)
4(1683 1685 1887 1885)
4(1685 1687 1889 1887)
4(1687 1689 1891 1889)
4(1689 1691 1893 1891)
4(1691 1693 1895 1893)
4(1693 1695 1897 1895)
4(1695 1697 1899 1897)
4(1697 1699 1901 1899)
4(1699 1701 1903 1901)
4(1701 1703 1905 1903)
4(1703 1705 1907 1905)
4(1705 1707 1909 1907)
4(1707 1709 1911 1909)
4(1709 1711 1913 1911)
4(1711 1713 1915 1913)
4(1713 1715 1917 1915)
4(1715 1717 1919 1917)
4(1717 1719 1921 1919)
4(1719 1721 1923 1921)
4(1721 1723 1925 1923)
4(1723 1725 1927 1925)
4(1725 1727 1929 1927)
4(1727 1729 1931 1929)
4(1729 1731 1933 1931)
4(1731 1733 1935 1933)
4(1733 1735 1937 1935)
4(1735 1737 1939 1937)
4(1737 1739 1941 1939)
4(1739 1741 1943 1941)
4(1741 1743 1945 1943)
4(1743 1745 1947 1945)
4(1745 1747 1949 1947)
4(1747 1749 1951 1949)
4(1749 1751 1953 1951)
4(1751 1753 1955 1953)
4(1753 1755 1957 1955)
4(1755 1757 1959 1957)
4(1757 1759 1961 1959)
4(1759 1761 1963 1961)
4(1761 1763 1965 1963)
4(1763 1765 1967 1965)
4(1765 1767 1969 1967)
4(1767 1769 1971 1969)
4(1769 1771 1973 1971)
4(1771 1773 1975 1973)
4(1773 1775 1977 1975)
4(1775 1777 1979 1977)
4(1777 1779 1981 1979)
4(1779 1781 1983 1981)
4(1781 1783 1985 1983)
4(1783 1785 1987 1985)
4(1785 1787 1989 1987)
4(1787 1789 1991 1989)
4(1789 1791 1993 1991)
4(1791 1793 1995 1993)
4(1793 1795 1997 1995)
4(1795 1797 1999 1997)
4(1797 1799 2001 1999)
4(1799 1801 2003 2001)
4(1801 1803 2005 2003)
4(1803 1805 2007 2005)
4(1805 1807 2009 2007)
4(1807 1809 2011 2009)
4(1809 1811 2013 2011)
4(1811 1813 2015 2013)
4(1813 1815 2017 2015)
4(1815 1817 2019 2017)
4(1819 1821 2023 2021)
4(1821 1823 2025 2023)
4(1823 1825 2027 2025)
4(1825 1827 2029 2027)
4(1827 1829 2031 2029)
4(1829 1831 2033 2031)
4(1831 1833 2035 2033)
4(1833 1835 2037 2035)
4(1835 1837 2039 2037)
4(1837 1839 2041 2039)
4(1839 1841 2043 2041)
4(1841 1843 2045 2043)
4(1843 1845 2047 2045)
4(1845 1847 2049 2047)
4(1847 1849 2051 2049)
4(1849 1851 2053 2051)
4(1851 1853 2055 2053)
4(1853 1855 2057 2055)
4(1855 1857 2059 2057)
4(1857 1859 2061 2059)
4(1859 1861 2063 2061)
4(1861 1863 2065 2063)
4(1863 1865 2067 2065)
4(1865 1867 2069 2067)
4(1867 1869 2071 2069)
4(1869 1871 2073 2071)
4(1871 1873 2075 2073)
4(1873 1875 2077 2075)
4(1875 1877 2079 2077)
4(1877 1879 2081 2079)
4(1879 1881 2083 2081)
4(1881 1883 2085 2083)
4(1883 1885 2087 2085)
4(1885 1887 2089 2087)
4(1887 1889 2091 2089)
4(1889 1891 2093 2091)
4(1891 1893 2095 2093)
4(1893 1895 2097 2095)
4(1895 1897 2099 2097)
4(1897 1899 2101 2099)
4(1899 1901 2103 2101)
4(1901 1903 2105 2103)
4(1903 1905 2107 2105)
4(1905 1907 2109 2107)
4(1907 1909 2111 2109)
4(1909 1911 2113 2111)
4(1911 1913 2115 2113)
4(1913 1915 2117 2115)
4(1915 1917 2119 2117)
4(1917 1919 2121 2119)
4(1919 1921 2123 2121)
4(1921 1923 2125 2123)
4(1923 1925 2127 2125)
4(1925 1927 2129 2127)
4(1927 1929 2131 2129)
4(1929 1931 2133 2131)
4(1931 1933 2135 2133)
4(1933 1935 2137 2135)
4(1935 1937 2139 2137)
4(1937 1939 2141 2139)
4(1939 1941 2143 2141)
4(1941 1943 2145 2143)
4(1943 1945 2147 2145)
4(1945 1947 2149 2147)
4(1947 1949 2151 2149)
4(1949 1951 2153 2151)
4(1951 1953 2155 2153)
4(1953 1955 2157 2155)
4(1955 1957 2159 2157)
4(1957 1959 2161 2159)
4(1959 1961 2163 2161)
4(1961 1963 2165 2163)
4(1963 1965 2167 2165)
4(1965 1967 2169 2167)
4(1967 1969 2171 2169)
4(1969 1971 2173 2171)
4(1971 1973 2175 2173)
4(1973 1975 2177 2175)
4(1975 1977 2179 2177)
4(1977 1979 2181 2179)
4(1979 1981 2183 2181)
4(1981 1983 2185 2183)
4(1983 1985 2187 2185)
4(1985 1987 2189 2187)
4(1987 1989 2191 2189)
4(1989 1991 2193 2191)
4(1991 1993 2195 2193)
4(1993 1995 2197 2195)
4(1995 1997 2199 2197)
4(1997 1999 2201 2199)
4(1999 2001 2203 2201)
4(2001 2003 2205 2203)
4(2003 2005 2207 2205)
4(2005 2007 2209 2207)
4(2007 2009 2211 2209)
4(2009 2011 2213 2211)
4(2011 2013 2215 2213)
4(2013 2015 2217 2215)
4(2015 2017 2219 2217)
4(2017 2019 2221 2219)
4(0 2 3 1)
4(2 4 5 3)
4(4 6 7 5)
4(6 8 9 7)
4(8 10 11 9)
4(10 12 13 11)
4(12 14 15 13)
4(14 16 17 15)
4(16 18 19 17)
4(18 20 21 19)
4(20 22 23 21)
4(22 24 25 23)
4(24 26 27 25)
4(26 28 29 27)
4(28 30 31 29)
4(30 32 33 31)
4(32 34 35 33)
4(34 36 37 35)
4(36 38 39 37)
4(38 40 41 39)
4(40 42 43 41)
4(42 44 45 43)
4(44 46 47 45)
4(46 48 49 47)
4(48 50 51 49)
4(50 52 53 51)
4(52 54 55 53)
4(54 56 57 55)
4(56 58 59 57)
4(58 60 61 59)
4(60 62 63 61)
4(62 64 65 63)
4(64 66 67 65)
4(66 68 69 67)
4(68 70 71 69)
4(70 72 73 71)
4(72 74 75 73)
4(74 76 77 75)
4(76 78 79 77)
4(78 80 81 79)
4(80 82 83 81)
4(82 84 85 83)
4(84 86 87 85)
4(86 88 89 87)
4(88 90 91 89)
4(90 92 93 91)
4(92 94 95 93)
4(94 96 97 95)
4(96 98 99 97)
4(98 100 101 99)
4(100 102 103 101)
4(102 104 105 103)
4(104 106 107 105)
4(106 108 109 107)
4(108 110 111 109)
4(110 112 113 111)
4(112 114 115 113)
4(114 116 117 115)
4(116 118 119 117)
4(118 120 121 119)
4(120 122 123 121)
4(122 124 125 123)
4(124 126 127 125)
4(126 128 129 127)
4(128 130 131 129)
4(130 132 133 131)
4(132 134 135 133)
4(134 136 137 135)
4(136 138 139 137)
4(138 140 141 139)
4(140 142 143 141)
4(142 144 145 143)
4(144 146 147 145)
4(146 148 149 147)
4(148 150 151 149)
4(150 152 153 151)
4(152 154 155 153)
4(154 156 157 155)
4(156 158 159 157)
4(158 160 161 159)
4(160 162 163 161)
4(162 164 165 163)
4(164 166 167 165)
4(166 168 169 167)
4(168 170 171 169)
4(170 172 173 171)
4(172 174 175 173)
4(174 176 177 175)
4(176 178 179 177)
4(178 180 181 179)
4(180 182 183 181)
4(182 184 185 183)
4(184 186 187 185)
4(186 188 189 187)
4(188 190 191 189)
4(190 192 193 191)
4(192 194 195 193)
4(194 196 197 195)
4(196 198 199 197)
4(198 200 201 199)
4(2020 2021 2023 2022)
4(2022 2023 2025 2024)
4(2024 2025 2027 2026)
4(2026 2027 2029 2028)
4(2028 2029 2031 2030)
4(2030 2031 2033 2032)
4(2032 2033 2035 2034)
4(2034 2035 2037 2036)
4(2036 2037 2039 2038)
4(2038 2039 2041 2040)
4(2040 2041 2043 2042)
4(2042 2043 2045 2044)
4(2044 2045 2047 2046)
4(2046 2047 2049 2048)
4(2048 2049 2051 2050)
4(2050 2051 2053 2052)
4(2052 2053 2055 2054)
4(2054 2055 2057 2056)
4(2056 2057 2059 2058)
4(2058 2059 2061 2060)
4(2060 2061 2063 2062)
4(2062 2063 2065 2064)
4(2064 2065 2067 2066)
4(2066 2067 2069 2068)
4(2068 2069 2071 2070)
4(2070 2071 2073 2072)
4(2072 2073 2075 2074)
4(2074 2075 2077 2076)
4(2076 2077 2079 2078)
4(2078 2079 2081 2080)
4(2080 2081 2083 2082)
4(2082 2083 2085 2084)
4(2084 2085 2087 2086)
4(2086 2087 2089 2088)
4(2088 2089 2091 2090)
4(2090 2091 2093 2092)
4(2092 2093 2095 2094)
4(2094 2095 2097 2096)
4(2096 2097 2099 2098)
4(2098 2099 2101 2100)
4(2100 2101 2103 2102)
4(2102 2103 2105 2104)
4(2104 2105 2107 2106)
4(2106 2107 2109 2108)
4(2108 2109 2111 2110)
4(2110 2111 2113 2112)
4(2112 2113 2115 2114)
4(2114 2115 2117 2116)
4(2116 2117 2119 2118)
4(2118 2119 2121 2120)
4(2120 2121 2123 2122)
4(2122 2123 2125 2124)
4(2124 2125 2127 2126)
4(2126 2127 2129 2128)
4(2128 2129 2131 2130)
4(2130 2131 2133 2132)
4(2132 2133 2135 2134)
4(2134 2135 2137 2136)
4(2136 2137 2139 2138)
4(2138 2139 2141 2140)
4(2140 2141 2143 2142)
4(2142 2143 2145 2144)
4(2144 2145 2147 2146)
4(2146 2147 2149 2148)
4(2148 2149 2151 2150)
4(2150 2151 2153 2152)
4(2152 2153 2155 2154)
4(2154 2155 2157 2156)
4(2156 2157 2159 2158)
4(2158 2159 2161 2160)
4(2160 2161 2163 2162)
4(2162 2163 2165 2164)
4(2164 2165 2167 2166)
4(2166 2167 2169 2168)
4(2168 2169 2171 2170)
4(2170 2171 2173 2172)
4(2172 2173 2175 2174)
4(2174 2175 2177 2176)
4(2176 2177 2179 2178)
4(2178 2179 2181 2180)
4(2180 2181 2183 2182)
4(2182 2183 2185 2184)
4(2184 2185 2187 2186)
4(2186 2187 2189 2188)
4(2188 2189 2191 2190)
4(2190 2191 2193 2192)
4(2192 2193 2195 2194)
4(2194 2195 2197 2196)
4(2196 2197 2199 2198)
4(2198 2199 2201 2200)
4(2200 2201 2203 2202)
4(2202 2203 2205 2204)
4(2204 2205 2207 2206)
4(2206 2207 2209 2208)
4(2208 2209 2211 2210)
4(2210 2211 2213 2212)
4(2212 2213 2215 2214)
4(2214 2215 2217 2216)
4(2216 2217 2219 2218)
4(2218 2219 2221 2220)
)


// ************************************************************************* //
